t_sec,joint1_pos,joint2_pos,joint3_pos,joint4_pos,joint5_pos,joint6_pos
0.0,0.0,0.4444011446226538,-0.4523631314326867,0.0,0.5174376552372132,0.0
0.00993,0.0,0.44493325245826254,-0.4524918672220946,0.0,0.5175677028290421,0.0
0.019982,0.0,0.4454706690838583,-0.45262293763384454,0.0,0.5176990049103908,0.0
0.029898,0.0,0.44599952628765477,-0.45275295816711364,0.0,0.517828174255254,0.0
0.039911,0.0,0.4465325788550149,-0.4528850592296704,0.0,0.5179583273236052,0.0
0.049931,0.0,0.4470647542628524,-0.45301800112823815,0.0,0.5180882258891126,0.0
0.059916,0.0,0.4475931593035411,-0.45315105490351654,0.0,0.5182171649659104,0.0
0.069999,0.0,0.4481266140987191,-0.4532864531491003,0.0,0.5183472973620216,0.0
0.079921,0.0,0.44865035500610395,-0.4534204423816111,0.0,0.5184750227926113,0.0
0.089905,0.0,0.449175888450634,-0.45355595020835415,0.0,0.5186031488830299,0.0
0.099929,0.0,0.44970243168147594,-0.45369279125119966,0.0,0.5187314852033774,0.0
0.109987,0.0,0.4502291551515374,-0.4538307616895551,0.0,0.5188598301505342,0.0
0.119899,0.0,0.45074735780394776,-0.453967564817178,0.0,0.5189860650948813,0.0
0.130011,0.0,0.4512744844657376,-0.45410781555366647,0.0,0.5191144402960215,0.0
0.140054,0.0,0.45179537385402013,-0.4542474966807165,0.0,0.5192412638641618,0.0
0.149941,0.0,0.4523099238040821,-0.4543865498411518,0.0,0.5193665127979983,0.0
0.159873,0.0,0.4528248012130837,-0.45452676626946087,0.0,0.5194918111586937,0.0
0.169944,0.0,0.45334498955010794,-0.45466952941559613,0.0,0.5196183719174983,0.0
0.179981,0.0,0.4538617649303248,-0.4548124597790185,0.0,0.5197440731264755,0.0
0.189957,0.0,0.4543746221266644,-0.45495540293852577,0.0,0.5198687932280369,0.0
0.199984,0.0,0.45488885663168593,-0.4550998355467439,0.0,0.5199938209452621,0.0
0.209856,0.0,0.4553933650295091,-0.45524262091809764,0.0,0.5201164580290495,0.0
0.219975,0.0,0.4559093962963541,-0.4553897878102353,0.0,0.5202418703216334,0.0
0.23001,0.0,0.4564204275735514,-0.4555366545145359,0.0,0.5203660424787657,0.0
0.239877,0.0,0.456920655969188,-0.4556815105447479,0.0,0.5204875663558374,0.0
0.249906,0.0,0.45742835763927425,-0.45582964657655833,0.0,0.5206108828632267,0.0
0.259952,0.0,0.4579352912994084,-0.45597868953338183,0.0,0.5207339905434778,0.0
0.269924,0.0,0.4584374297980376,-0.4561274462782233,0.0,0.5208559125125897,0.0
0.280056,0.0,0.4589457253346834,-0.4562791756859072,0.0,0.5209793086920693,0.0
0.290187,0.0,0.45945185452056536,-0.4564314166203881,0.0,0.521102158975651,0.0
0.299931,0.0,0.45994045041057485,-0.4565794894643884,0.0,0.5212207352958895,0.0
0.309901,0.0,0.46043736816696995,-0.4567312082088103,0.0,0.5213413136358386,0.0
0.319876,0.0,0.4609327982656822,-0.4568836108280818,0.0,0.5214615140661353,0.0
0.330012,0.0,0.461434741698068,-0.4570391861867385,0.0,0.5215832782853654,0.0
0.339888,0.0,0.46192258250430357,-0.4571915281264257,0.0,0.5217016062779575,0.0
0.349906,0.0,0.46241638644958283,-0.4573468845066956,0.0,0.5218213662237339,0.0
0.359962,0.0,0.46291053952221106,-0.45750352166371383,0.0,0.5219411970762355,0.0
0.369874,0.0,0.46339630671288157,-0.45765865269709854,0.0,0.5220589817124531,0.0
0.37999,0.0,0.4638901987578047,-0.4578175601313679,0.0,0.5221787243068167,0.0
0.389929,0.0,0.4643744009731996,-0.45797451718853893,0.0,0.5222961065736919,0.0
0.399997,0.0,0.4648636580639304,-0.45813429758636925,0.0,0.5224147039319978,0.0
0.410024,0.0,0.4653496074715162,-0.45829418763283486,0.0,0.5225324900092712,0.0
0.419986,0.0,0.4658301744558768,-0.4584534838697466,0.0,0.5226489629610792,0.0
0.429998,0.0,0.46631233633145347,-0.4586144962991451,0.0,0.522765814741359,0.0
0.439916,0.0,0.4667887180675435,-0.4587747577595004,0.0,0.5228812588986118,0.0
0.449874,0.0,0.4672647398687467,-0.4589360800867883,0.0,0.5229966098595116,0.0
0.459896,0.0,0.4677439299734492,-0.45909968092433295,0.0,0.5231127233493889,0.0
0.469867,0.0,0.4682178838093678,-0.4592626945815452,0.0,0.523227563679018,0.0
0.479885,0.0,0.4686924929570165,-0.45942714172767185,0.0,0.5233425592715144,0.0
0.489881,0.0,0.46916594940830136,-0.45959240583164157,0.0,0.5234572728808778,0.0
0.500013,0.0,0.4696436553262889,-0.4597603967674438,0.0,0.5235730142144635,0.0
0.51001,0.0,0.47011324760250855,-0.4599267640526241,0.0,0.5236867887276805,0.0
0.519968,0.0,0.4705801453946417,-0.46009339748898,0.0,0.523799910260403,0.0
0.529948,0.0,0.47104643042883065,-0.46026103931539913,0.0,0.5239128840163664,0.0
0.539855,0.0,0.4715075258684946,-0.4604280334123112,0.0,0.5240246019133522,0.0
0.549908,0.0,0.4719740300957119,-0.46059823162606567,0.0,0.52413763266473,0.0
0.559986,0.0,0.4724400965972884,-0.46076953375451407,0.0,0.52425056060761,0.0
0.569987,0.0,0.4729012535750486,-0.4609402874659315,0.0,0.5243623030382242,0.0
0.579858,0.0,0.47335498640734797,-0.4611095243326193,0.0,0.524472251329173,0.0
0.589896,0.0,0.47381465704024556,-0.46128223518303246,0.0,0.524583644186041,0.0
0.599899,0.0,0.4742711276383898,-0.4614550111482269,0.0,0.5246942681488417,0.0
0.609866,0.0,0.47472470173381587,-0.4616279551218883,0.0,0.5248041975272704,0.0
0.620004,0.0,0.47518451790619143,-0.46180457943654296,0.0,0.5249156481648787,0.0
0.630008,0.0,0.4756362926218375,-0.46197940370378615,0.0,0.5250251588642216,0.0
0.640044,0.0,0.47608813683767326,-0.46215554657433927,0.0,0.525134696402465,0.0
0.649913,0.0,0.4765312972696532,-0.46232957271281994,0.0,0.5252421393885596,0.0
0.659967,0.0,0.4769808738645342,-0.46250741611772733,0.0,0.525351149597731,0.0
0.670102,0.0,0.4774316590603297,-0.46268706445709873,0.0,0.5254604655775829,0.0
0.680077,0.0,0.4778754441246342,-0.46286523545751707,0.0,0.5255680973966881,0.0
0.690042,0.0,0.4783166906892575,-0.46304369278083807,0.0,0.525675127647788,0.0
0.699926,0.0,0.47875275133258827,-0.4632213459688213,0.0,0.5257809147188749,0.0
0.710058,0.0,0.4791967332827707,-0.4634035621897448,0.0,0.52588863948672,0.0
0.720002,0.0,0.4796332559320962,-0.4635840461384336,0.0,0.5259945710899399,0.0
0.72989,0.0,0.4800653532189503,-0.4637640132247441,0.0,0.5260994460529933,0.0
0.739907,0.0,0.4805005910932865,-0.46394662404383585,0.0,0.526205101611167,0.0
0.749915,0.0,0.48093398318581554,-0.46412980796352016,0.0,0.5263103283703972,0.0
0.759892,0.0,0.4813646147442217,-0.4643131725772455,0.0,0.5264149049137223,0.0
0.769914,0.0,0.4817954189718605,-0.4644979706314437,0.0,0.526519544376132,0.0
0.779947,0.0,0.4822251400651323,-0.4646836752933027,0.0,0.5266239426810639,0.0
0.789979,0.0,0.48265304607875525,-0.46486997277473585,0.0,0.5267279228116121,0.0
0.799932,0.0,0.48307620737857615,-0.4650555724022729,0.0,0.5268307733735441,0.0
0.809894,0.0,0.48349788248703696,-0.46524188967019714,0.0,0.526933286869599,0.0
0.819974,0.0,0.4839230242603567,-0.4654311396032704,0.0,0.5270366686141619,0.0
0.829874,0.0,0.48433885335293814,-0.46561762154023023,0.0,0.5271378115700796,0.0
0.839905,0.0,0.48475878874385303,-0.46580734462621126,0.0,0.5272399802420481,0.0
0.849909,0.0,0.4851757404264204,-0.4659971286051442,0.0,0.5273414508385367,0.0
0.860009,0.0,0.48559498651208044,-0.4661893902943789,0.0,0.5274435088900681,0.0
0.869874,0.0,0.48600333527053896,-0.46637805380631514,0.0,0.527542943290502,0.0
0.879863,0.0,0.48641445705860054,-0.4665694111373905,0.0,0.5276430830445313,0.0
0.889859,0.0,0.4868244359467575,-0.4667616660299192,0.0,0.5277429756060237,0.0
0.899946,0.0,0.48723646696449663,-0.4669563401293492,0.0,0.5278434006960909,0.0
0.909887,0.0,0.4876409844419402,-0.4671489035743186,0.0,0.5279420273419616,0.0
0.92001,0.0,0.4880511962163151,-0.46734565315965515,0.0,0.5280420767329512,0.0
0.929871,0.0,0.4884488877028662,-0.46753783474596455,0.0,0.5281391066704246,0.0
0.939875,0.0,0.4888506043426166,-0.4677334168830264,0.0,0.528237154022362,0.0
0.950078,0.0,0.4892588806747662,-0.4679337115486961,0.0,0.5283368400193476,0.0
0.960016,0.0,0.48965485911347983,-0.4681294554597655,0.0,0.5284335607448091,0.0
0.969914,0.0,0.4900474071040823,-0.46832496397551204,0.0,0.5285294811079932,0.0
0.979975,0.0,0.4904446314048423,-0.46852430174609405,0.0,0.5286265834135048,0.0
0.989893,0.0,0.49083484164706026,-0.4687216091289677,0.0,0.5287220107908361,0.0
1.0,0.0,0.4912298677520107,-0.4689228760831493,0.0,0.5288186572085344,0.0
1.009982,0.0,0.4916188791971299,-0.46912259836469167,0.0,0.5289138739539545,0.0
1.019975,0.0,0.4920066869862029,-0.4693232249218401,0.0,0.529008838699513,0.0
1.029939,0.0,0.49239115431598934,-0.469523644764376,0.0,0.5291030287113019,0.0
1.039921,0.0,0.49277558994752624,-0.4697255842151846,0.0,0.5291972553125502,0.0
1.049943,0.0,0.493159028122884,-0.469928551674229,0.0,0.5292912829193971,0.0
1.059908,0.0,0.4935385366085955,-0.47013098717190144,0.0,0.529384392918489,0.0
1.069914,0.0,0.4939183545383754,-0.4703351521651171,0.0,0.5294776260275226,0.0
1.079897,0.0,0.4942951770270809,-0.4705392761679993,0.0,0.5295701718448045,0.0
1.089888,0.0,0.4946705230903956,-0.4707441770096607,0.0,0.529662403937393,0.0
1.100085,0.0,0.49505176179655513,-0.47095392939502956,0.0,0.5297561353622534,0.0
1.109917,0.0,0.4954175675673404,-0.47115676270095075,0.0,0.5298461224705158,0.0
1.119893,0.0,0.4957873315207896,-0.4713633787735721,0.0,0.5299371344626569,0.0
1.129888,0.0,0.49615569526555237,-0.47157082380179627,0.0,0.5300278543899236,0.0
1.139925,0.0,0.496524214568688,-0.47177999028878326,0.0,0.5301186665853108,0.0
1.15,0.0,0.4968917772063509,-0.4719902666914895,0.0,0.5302092982715179,0.0
1.159889,0.0,0.49725104048764374,-0.4721974150927186,0.0,0.5302979383080346,0.0
1.170152,0.0,0.4976220515748583,-0.4724130443696047,0.0,0.5303895352203601,0.0
1.179888,0.0,0.49797180180953515,-0.47261793015740927,0.0,0.5304759389239686,0.0
1.189995,0.0,0.4983329708986821,-0.4728311742926807,0.0,0.5305652219166973,0.0
1.200032,0.0,0.49868966671058923,-0.473043468150085,0.0,0.5306534588045637,0.0
1.209882,0.0,0.49903958326779496,-0.4732533860832174,0.0,0.5307400778812222,0.0
1.219991,0.0,0.4993956676756761,-0.4734687180213267,0.0,0.5308282855380424,0.0
1.229972,0.0,0.4997454440799519,-0.47368194584953655,0.0,0.5309149928731688,0.0
1.239922,0.0,0.5000923427160487,-0.47389512111370413,0.0,0.531001049384624,0.0
1.249902,0.0,0.5004384600119156,-0.47410953299147107,0.0,0.5310869757750385,0.0
1.25996,0.0,0.5007856353753494,-0.4743263516107979,0.0,0.5311732304375835,0.0
1.270007,0.0,0.5011301631274234,-0.4745432797750582,0.0,0.5312588939541758,0.0
1.279936,0.0,0.5014692024859873,-0.4747584957027614,0.0,0.5313432593321403,0.0
1.289894,0.0,0.5018072253564121,-0.47497481724504864,0.0,0.531427439136238,0.0
1.299933,0.0,0.5021460497101997,-0.47519343609411735,0.0,0.5315118877839999,0.0
1.309969,0.0,0.5024831934545418,-0.47541277438828505,0.0,0.5315959881477984,0.0
1.320029,0.0,0.5028187201906478,-0.4756328782488413,0.0,0.5316797568696539,0.0
1.32993,0.0,0.5031471878679818,-0.4758501384740743,0.0,0.5317618342921567,0.0
1.340073,0.0,0.5034822907474332,-0.4760736416772454,0.0,0.5318456440653218,0.0
1.349945,0.0,0.5038062161081821,-0.47629150144016136,0.0,0.5319267315271154,0.0
1.359983,0.0,0.5041306966088549,-0.4765115519435473,0.0,0.5320080319528439,0.0
1.369904,0.0,0.5044560108201681,-0.4767340265215619,0.0,0.5320896175122537,0.0
1.380031,0.0,0.5047824796167155,-0.47695919576933243,0.0,0.5321715713515291,0.0
1.389987,0.0,0.5051015993318548,-0.4771811746416928,0.0,0.532251758520954,0.0
1.399907,0.0,0.5054177573847736,-0.47740295837490243,0.0,0.5323312796647041,0.0
1.409898,0.0,0.5057345471901638,-0.47762708159622663,0.0,0.5324110397394426,0.0
1.419891,0.0,0.5060492146058806,-0.47785161753314526,0.0,0.532490346782423,0.0
1.429928,0.0,0.5063631700246375,-0.47807758269752376,0.0,0.5325695572391154,0.0
1.439903,0.0,0.506673752808277,-0.4783030607082646,0.0,0.5326480003160221,0.0
1.450011,0.0,0.5069860411042365,-0.4785317600529915,0.0,0.5327269600766182,0.0
1.459901,0.0,0.5072901126876114,-0.47875638972704293,0.0,0.5328039272236654,0.0
1.469909,0.0,0.5075957291603276,-0.4789841348236705,0.0,0.5328813720203313,0.0
1.479982,0.0,0.5079012856347618,-0.47921385261278926,0.0,0.5329588906496908,0.0
1.489891,0.0,0.508200178828115,-0.47944055127450314,0.0,0.5330348071904645,0.0
1.499898,0.0,0.5085000037426233,-0.4796699736856365,0.0,0.5331110504522195,0.0
1.510056,0.0,0.5088018808334062,-0.479903048566331,0.0,0.5331879090769792,0.0
1.519979,0.0,0.5090954567083676,-0.48013175885140486,0.0,0.5332627465329366,0.0
1.529963,0.0,0.5093887616654338,-0.4803623127030305,0.0,0.5333376082290189,0.0
1.539931,0.0,0.5096793368217839,-0.48059278746877077,0.0,0.5334118675375304,0.0
1.549963,0.0,0.5099703347753042,-0.4808257019531975,0.0,0.5334863314772696,0.0
1.55992,0.0,0.5102567261674875,-0.48105702855254595,0.0,0.5335597134796354,0.0
1.569908,0.0,0.510542433578436,-0.4812899215339627,0.0,0.533633018472558,0.0
1.579965,0.0,0.5108280248977582,-0.4815248800188827,0.0,0.5337063943406408,0.0
1.589965,0.0,0.5111099833798862,-0.4817590140434328,0.0,0.5337789381884979,0.0
1.599885,0.0,0.5113878011945667,-0.48199185862716765,0.0,0.5338505178150166,0.0
1.609903,0.0,0.511666130831312,-0.4822273177747919,0.0,0.5339223326350018,0.0
1.619891,0.0,0.5119419194088919,-0.48246283248635347,0.0,0.5339935965409194,0.0
1.629963,0.0,0.5122179769824217,-0.4827008242933467,0.0,0.5340650371748485,0.0
1.639914,0.0,0.5124887191214661,-0.48293646662662015,0.0,0.5341352092415639,0.0
1.649938,0.0,0.5127594449919995,-0.48317435606872383,0.0,0.534205485927887,0.0
1.659886,0.0,0.5130260539290431,-0.483410888164645,0.0,0.5342748031667728,0.0
1.669976,0.0,0.5132945958066655,-0.48365145489742556,0.0,0.5343447355624651,0.0
1.679873,0.0,0.5135560084516875,-0.4838879232280264,0.0,0.5344129229199189,0.0
1.689935,0.0,0.5138197214396563,-0.4841288134283004,0.0,0.5344818248648915,0.0
1.700109,0.0,0.51408425263512,-0.48437286946148017,0.0,0.5345510594091292,0.0
1.710083,0.0,0.5143411769504264,-0.48461228188261607,0.0,0.5346184201571674,0.0
1.719864,0.0,0.5145920076981947,-0.4848483276430895,0.0,0.534684297734128,0.0
1.72988,0.0,0.5148463901439653,-0.48509010465402647,0.0,0.5347512268362342,0.0
1.739919,0.0,0.5150994125109752,-0.48533303375883063,0.0,0.5348179200313735,0.0
1.749893,0.0,0.5153486949668049,-0.4855748157535514,0.0,0.5348837497536285,0.0
1.759945,0.0,0.5155974650582078,-0.4858185793678629,0.0,0.5349495686758137,0.0
1.769876,0.0,0.5158421273925058,-0.48606079385748135,0.0,0.535014425580416,0.0
1.779975,0.0,0.5160884627137432,-0.4863072086544764,0.0,0.535079854642386,0.0
1.789956,0.0,0.5163297814650778,-0.48655114436459895,0.0,0.5351440801001202,0.0
1.799945,0.0,0.5165693598713317,-0.4867958715305213,0.0,0.5352079722310429,0.0
1.810013,0.0,0.5168080188448526,-0.4870422527232223,0.0,0.535271751604558,0.0
1.819984,0.0,0.5170437372870471,-0.48728820629179714,0.0,0.5353348787651251,0.0
1.829932,0.0,0.5172762606392787,-0.48753343346955036,0.0,0.5353972842504492,0.0
1.839932,0.0,0.5175078467042712,-0.4877803156871268,0.0,0.5354595744391657,0.0
1.849915,0.0,0.5177370261172163,-0.4880273003339619,0.0,0.5355213552282054,0.0
1.859879,0.0,0.517963719662715,-0.488274289017851,0.0,0.5355826049888539,0.0
1.869969,0.0,0.5181913392677486,-0.4885250464421691,0.0,0.535644248438588,0.0
1.879884,0.0,0.5184127689084366,-0.4887717130156073,0.0,0.5357043577720024,0.0
1.890034,0.0,0.5186373953394222,-0.4890247687077666,0.0,0.5357654827395378,0.0
1.899871,0.0,0.5188530404552026,-0.4892704629366265,0.0,0.535824308206025,0.0
1.910078,0.0,0.5190748127681224,-0.4895260371113066,0.0,0.5358849574405233,0.0
1.919878,0.0,0.5192856866513913,-0.4897718579149046,0.0,0.5359427740615621,0.0
1.930108,0.0,0.5195034679757968,-0.4900286882472646,0.0,0.536002640732364,0.0
1.939981,0.0,0.5197117465335254,-0.4902772072834071,0.0,0.5360600484438249,0.0
1.949937,0.0,0.5199197444690575,-0.4905283024897984,0.0,0.5361175332939583,0.0
1.959931,0.0,0.5201265958857577,-0.49078098675182225,0.0,0.5361748594274199,0.0
1.969878,0.0,0.5203301114341204,-0.4910325791302608,0.0,0.5362314201108398,0.0
1.979973,0.0,0.5205346436967846,-0.4912885032177706,0.0,0.5362884276542094,0.0
1.989928,0.0,0.5207344393508255,-0.49154157129792714,0.0,0.5363442794402304,0.0
1.99988,0.0,0.5209319030578874,-0.4917947633220776,0.0,0.5363996445034058,0.0
2.009915,0.0,0.5211290952504164,-0.49205075958876404,0.0,0.5364551029616464,0.0
2.019997,0.0,0.5213249727027925,-0.49230827065800953,0.0,0.5365103652613242,0.0
2.030005,0.0,0.5215166974195238,-0.4925635356016026,0.0,0.5365646294606821,0.0
2.039959,0.0,0.5217063763622403,-0.49281931043495064,0.0,0.5366184895803019,0.0
2.04995,0.0,0.5218943204893466,-0.4930760262475046,0.0,0.5366720348928904,0.0
2.059922,0.0,0.5220796689125248,-0.4933325046293146,0.0,0.5367250203286636,0.0
2.069875,0.0,0.5222625300491451,-0.49358887261513734,0.0,0.536777475960761,0.0
2.079887,0.0,0.5224442371173411,-0.4938470159284869,0.0,0.5368297854658012,0.0
2.090039,0.0,0.5226267088503556,-0.494109771948171,0.0,0.5368825076176349,0.0
2.099863,0.0,0.5228010310552753,-0.4943642130886531,0.0,0.5369330621409385,0.0
2.109878,0.0,0.5229765571887678,-0.4946239124826355,0.0,0.5369841575819536,0.0
2.119911,0.0,0.5231503178766012,-0.4948845883179632,0.0,0.5370349359839799,0.0
2.129916,0.0,0.5233214044828055,-0.4951448726879253,0.0,0.5370851318661033,0.0
2.139965,0.0,0.5234912581583064,-0.4954069709945261,0.0,0.5371351690748627,0.0
2.149925,0.0,0.5236574264784241,-0.49566707800287724,0.0,0.5371843243025068,0.0
2.15993,0.0,0.5238221227422334,-0.4959286291177933,0.0,0.5372332509746498,0.0
2.170048,0.0,0.5239866637196953,-0.4961938089249235,0.0,0.5372823457302911,0.0
2.179973,0.0,0.5241459007157603,-0.496454278132602,0.0,0.5373300703341307,0.0
2.189877,0.0,0.5243027245730717,-0.49671464031432094,0.0,0.537377284558245,0.0
2.199915,0.0,0.5244594449409852,-0.49697879540924983,0.0,0.5374246876714059,0.0
2.209884,0.0,0.5246130802393842,-0.4972417595648836,0.0,0.5374713804330385,0.0
2.219955,0.0,0.5247660053419214,-0.49750761903041724,0.0,0.5375180860874403,0.0
2.229949,0.0,0.5249156804917443,-0.49777197286796393,0.0,0.5375640300363529,0.0
2.240035,0.0,0.5250640589213977,-0.49803826252370237,0.0,0.537609811654894,0.0
2.249924,0.0,0.5252083504041278,-0.4983014335759892,0.0,0.5376545676826113,0.0
2.259994,0.0,0.5253526778815851,-0.4985690186758325,0.0,0.5376995779552134,0.0
2.26989,0.0,0.5254923529406301,-0.49883230982714644,0.0,0.5377433797227823,0.0
2.279896,0.0,0.525631492509294,-0.49909902676509676,0.0,0.5377872620230211,0.0
2.289988,0.0,0.5257695869425492,-0.49936832627759564,0.0,0.5378310718764169,0.0
2.299919,0.0,0.525903422115294,-0.49963389127738256,0.0,0.5378737871123316,0.0
2.30991,0.0,0.5260359076658296,-0.4999014294405082,0.0,0.5379163329359886,0.0
2.319932,0.0,0.5261665537539544,-0.5001700120574738,0.0,0.5379585556887612,0.0
2.329951,0.0,0.5262950370878434,-0.5004389934875346,0.0,0.5380003522024335,0.0
2.339916,0.0,0.5264206453545154,-0.5007068421905605,0.0,0.5380414887292595,0.0
2.349901,0.0,0.5265444969916164,-0.5009759256063461,0.0,0.5380823308065424,0.0
2.360017,0.0,0.52666730363498,-0.5012478856898159,0.0,0.5381231187508327,0.0
2.369992,0.0,0.5267868068920709,-0.501517721868153,0.0,0.5381631027538177,0.0
2.379902,0.0,0.5269033442257738,-0.5017860692307944,0.0,0.5382023887851167,0.0
2.390093,0.0,0.5270207448536801,-0.502061902734397,0.0,0.5382422768523166,0.0
2.399874,0.0,0.5271313874093918,-0.5023272026138232,0.0,0.5382801713249288,0.0
2.409866,0.0,0.5272422826140537,-0.5025986212607298,0.0,0.5383184646102519,0.0
2.419912,0.0,0.5273514733839769,-0.5028715861582933,0.0,0.5383564934423835,0.0
2.429915,0.0,0.5274580632526501,-0.5031438610918755,0.0,0.5383939460894979,0.0
2.439945,0.0,0.5275627680622823,-0.5034172660070534,0.0,0.5384310738003873,0.0
2.449946,0.0,0.5276648816283998,-0.5036899472529666,0.0,0.5384676258238502,0.0
2.460026,0.0,0.5277658242909525,-0.503965755711484,0.0,0.5385041140795965,0.0
2.47022,0.0,0.5278653270666721,-0.5042441307488207,0.0,0.5385404514490705,0.0
2.479886,0.0,0.5279582694614843,-0.5045103853207817,0.0,0.538574747610356,0.0
2.489942,0.0,0.5280522375719237,-0.5047861321725965,0.0,0.5386097952691083,0.0
2.499932,0.0,0.5281434132215068,-0.505060437302333,0.0,0.5386441859183372,0.0
2.509943,0.0,0.5282324994539402,-0.5053353591243281,0.0,0.5386781816963888,0.0
2.519922,0.0,0.5283194763449175,-0.5056108563088849,0.0,0.5387117763311023,0.0
2.529979,0.0,0.5284046178793892,-0.5058878523476119,0.0,0.5387450790013436,0.0
2.53991,0.0,0.5284868240285199,-0.5061627159058972,0.0,0.5387776566159176,0.0
2.549867,0.0,0.5285669088772403,-0.5064380736325147,0.0,0.5388098265241401,0.0
2.559876,0.0,0.5286452192467709,-0.5067151858615836,0.0,0.5388417320843844,0.0
2.570039,0.0,0.5287224507323216,-0.5069967583296471,0.0,0.5388736708151792,0.0
2.580042,0.0,0.528796123992141,-0.5072737151973745,0.0,0.5389046154709488,0.0
2.59005,0.0,0.5288680202222551,-0.5075525966592214,0.0,0.5389353054617267,0.0
2.600242,0.0,0.5289386819367327,-0.5078357743118636,0.0,0.5389659878000622,0.0
2.609909,0.0,0.5290037920683268,-0.5081054666342725,0.0,0.538994760614232,0.0
2.620095,0.0,0.5290700759406392,-0.5083895436171005,0.0,0.5390245967905697,0.0
2.629933,0.0,0.529131936426012,-0.5086642449552002,0.0,0.5390529900737574,0.0
2.639916,0.0,0.5291925383421192,-0.5089433197935583,0.0,0.5390813757882278,0.0
2.64986,0.0,0.5292507247866882,-0.5092216055268346,0.0,0.5391092216244222,0.0
2.659984,0.0,0.5293076864488186,-0.5095050122181912,0.0,0.5391371098698584,0.0
2.669969,0.0,0.5293617330043667,-0.5097852077945553,0.0,0.5391642175446567,0.0
2.679896,0.0,0.5294132755481028,-0.5100639955397153,0.0,0.5391907321864415,0.0
2.690078,0.0,0.5294634796680213,-0.5103478807095175,0.0,0.5392172650245939,0.0
2.699999,0.0,0.5295110548563078,-0.5106297333657133,0.0,0.5392431437404692,0.0
2.710119,0.0,0.5295568624479368,-0.5109146892068701,0.0,0.5392688388655938,0.0
2.719892,0.0,0.5295989482162309,-0.5111900671572446,0.0,0.5392932242674747,0.0
2.730021,0.0,0.5296404390734377,-0.5114763872585188,0.0,0.539318115291802,0.0
2.73994,0.0,0.5296787680267929,-0.5117562547408283,0.0,0.5393419903833301,0.0
2.749888,0.0,0.5297151508440308,-0.5120381074757637,0.0,0.539365581764048,0.0
2.759933,0.0,0.5297496181372728,-0.5123225487898913,0.0,0.5393889303818035,0.0
2.770005,0.0,0.5297819588658729,-0.5126081471280916,0.0,0.5394119111554778,0.0
2.779872,0.0,0.5298114820367823,-0.512888291929009,0.0,0.5394340040154788,0.0
2.790068,0.0,0.5298397133261137,-0.5131778392036915,0.0,0.5394563724862976,0.0
2.799979,0.0,0.529864999934414,-0.5134600142274652,0.0,0.5394777172379942,0.0
2.809953,0.0,0.5298881990612664,-0.5137435123105669,0.0,0.5394987120152497,0.0
2.819948,0.0,0.5299093116636391,-0.5140286950588818,0.0,0.5395193778393998,0.0
2.829977,0.0,0.5299282654954098,-0.5143149313911081,0.0,0.5395396638537688,0.0
2.840103,0.0,0.5299451343133378,-0.5146039089723958,0.0,0.5395596819966315,0.0
2.849864,0.0,0.529959275836304,-0.514883115038747,0.0,0.5395785835240086,0.0
2.859928,0.0,0.5299716426242724,-0.5151709741710541,0.0,0.5395976197524727,0.0
2.869923,0.0,0.5299817081181025,-0.5154568891914864,0.0,0.539616075422565,0.0
2.8799,0.0,0.5299895744827074,-0.5157430106579831,0.0,0.5396340948078551,0.0
2.889937,0.0,0.529995270340949,-0.5160310469001799,0.0,0.5396517818190871,0.0
2.899872,0.0,0.5299987199939966,-0.5163164287417773,0.0,0.5396688589271965,0.0
2.909911,0.0,0.5299999939511663,-0.5166048626261561,0.0,0.539685667969566,0.0
2.919941,0.0,0.5299990480939616,-0.5168935139280144,0.0,0.5397020373681284,0.0
2.929952,0.0,0.5299958916791006,-0.5171818268599092,0.0,0.5397179371670241,0.0
2.939961,0.0,0.5299905309734538,-0.5174701347734759,0.0,0.5397333878142525,0.0
2.949937,0.0,0.5299829849907951,-0.5177580044750638,0.0,0.5397483683676424,0.0
2.959873,0.0,0.5299732792013203,-0.5180451785606724,0.0,0.5397628692820735,0.0
2.970019,0.0,0.529961136145635,-0.5183382718110542,0.0,0.5397772136350071,0.0
2.979903,0.0,0.5299471247432918,-0.5186240681697306,0.0,0.5397907589976375,0.0
2.990056,0.0,0.5299304762556392,-0.5189181384819677,0.0,0.5398042422895112,0.0
2.999863,0.0,0.5299122494413406,-0.519202220650412,0.0,0.5398168312695872,0.0
3.010056,0.0,0.5298910492012026,-0.5194978675934395,0.0,0.5398294785739894,0.0
3.02005,0.0,0.5298681112931181,-0.5197871095227184,0.0,0.5398414047521601,0.0
3.030083,0.0,0.5298427679372317,-0.5200789793220191,0.0,0.5398529921512469,0.0
3.039891,0.0,0.5298158839582177,-0.520364109115155,0.0,0.5398638793339169,0.0
3.050035,0.0,0.5297858327208678,-0.5206593997903928,0.0,0.5398747049027905,0.0
3.059961,0.0,0.529754269540905,-0.5209482303271228,0.0,0.539884852162278,0.0
3.069905,0.0,0.5297204731700584,-0.5212378332431347,0.0,0.539894589274228,0.0
3.079929,0.0,0.5296841800593584,-0.5215301754836484,0.0,0.5399039754499089,0.0
3.089881,0.0,0.5296459536199134,-0.5218206791550878,0.0,0.5399128627030066,0.0
3.09994,0.0,0.529605162303752,-0.5221140919580938,0.0,0.5399213948835901,0.0
3.1099,0.0,0.5295624976234496,-0.5224054108993709,0.0,0.5399294256797234,0.0
3.119886,0.0,0.5295175608759922,-0.5226974937914364,0.0,0.5399370378950162,0.0
3.129929,0.0,0.5294701505137509,-0.5229914897309631,0.0,0.5399442564202646,0.0
3.139921,0.0,0.5294207792573168,-0.5232842062956724,0.0,0.539951002424075,0.0
3.150036,0.0,0.5293685965437108,-0.523580560192251,0.0,0.5399573848613342,0.0
3.15998,0.0,0.5293150300702797,-0.5238725185643285,0.0,0.539963233402246,0.0
3.169989,0.0,0.5292589957154105,-0.524166179083273,0.0,0.5399686772159408,0.0
3.180005,0.0,0.529200696850928,-0.5244603717092374,0.0,0.5399736905298543,0.0
3.189891,0.0,0.5291409564303565,-0.5247511279012462,0.0,0.5399782131160382,0.0
3.199847,0.0,0.529078644000742,-0.5250440401016576,0.0,0.5399823357101825,0.0
3.209938,0.0,0.5290133341954009,-0.5253408192190525,0.0,0.5399860698460061,0.0
3.219875,0.0,0.5289467958171492,-0.5256334615209804,0.0,0.5399893162965294,0.0
3.229934,0.0,0.5288772550298085,-0.5259298093223759,0.0,0.5399921639002029,0.0
3.239862,0.0,0.5288064008253072,-0.5262226734868763,0.0,0.5399945439296968,0.0
3.24996,0.0,0.5287321460249991,-0.526520626816849,0.0,0.5399965233245536,0.0
3.260025,0.0,0.5286559336089869,-0.5268177117461987,0.0,0.5399980539408975,0.0
3.270092,0.0,0.5285775569742578,-0.5271147882868871,0.0,0.5399991430016972,0.0
3.280007,0.0,0.5284980512145071,-0.5274081047065581,0.0,0.5399997859168401,0.0
3.29002,0.0,0.5284156009878507,-0.5277044049251867,0.0,0.5399999999770427,0.0
3.299978,0.0,0.528331348853981,-0.5279995276612848,0.0,0.5399997789670884,0.0
3.309919,0.0,0.5282451953235365,-0.5282939083783131,0.0,0.5399991275475534,0.0
3.320021,0.0,0.5281555515006553,-0.5285928491976254,0.0,0.5399980263233968,0.0
3.329996,0.0,0.5280646993727434,-0.5288887007325588,0.0,0.53999650097358,0.0
3.33997,0.0,0.5279717542257099,-0.5291844685637318,0.0,0.5399945437214378,0.0
3.349982,0.0,0.5278762396856506,-0.5294816360969187,0.0,0.5399921425767735,0.0
3.359855,0.0,0.527779820122385,-0.5297751133432467,0.0,0.5399893443650576,0.0
3.370033,0.0,0.5276783509436428,-0.5300773608804965,0.0,0.5399860198158566,0.0
3.37991,0.0,0.5275776469479909,-0.530371062186975,0.0,0.5399823595830617,0.0
3.390043,0.0,0.5274722009857424,-0.5306723210759371,0.0,0.5399781658322557,0.0
3.399885,0.0,0.5273675869780227,-0.5309652468907965,0.0,0.5399736621022704,0.0
3.409968,0.0,0.5272581953074216,-0.531265584932485,0.0,0.5399686089734169,0.0
3.419871,0.0,0.5271486557042191,-0.5315605738201069,0.0,0.539963217296478,0.0
3.429943,0.0,0.527035142254102,-0.5318605372290673,0.0,0.5399572998217149,0.0
3.439956,0.0,0.5269199836707886,-0.5321592267504816,0.0,0.5399509723653666,0.0
3.44989,0.0,0.5268035608064796,-0.5324557583846936,0.0,0.5399442617203049,0.0
3.459864,0.0,0.5266846527950291,-0.5327532819298986,0.0,0.5399370997118096,0.0
3.469991,0.0,0.5265616206382813,-0.5330557492240741,0.0,0.5399293788792232,0.0
3.479901,0.0,0.5264391712015936,-0.5333516395413965,0.0,0.5399213974034905,0.0
3.489928,0.0,0.5263130337515888,-0.5336513515458777,0.0,0.5399128813236669,0.0
3.50001,0.0,0.5261840081052667,-0.5339528516434959,0.0,0.5399038768004071,0.0
3.509966,0.0,0.5260544463252942,-0.5342506974475025,0.0,0.5398945509488094,0.0
3.520036,0.0,0.5259212635189506,-0.5345519931626853,0.0,0.5398846822904023,0.0
3.529911,0.0,0.5257885792029173,-0.5348474823607217,0.0,0.5398745795785697,0.0
3.539918,0.0,0.5256518979685669,-0.5351472197483091,0.0,0.5398639028904113,0.0
3.549974,0.0,0.5255124219788532,-0.5354484437857282,0.0,0.5398527387171901,0.0
3.560158,0.0,0.5253689854615496,-0.5357535559878296,0.0,0.539840986844208,0.0
3.569927,0.0,0.5252292074275335,-0.5360465397828998,0.0,0.5398292823848535,0.0
3.580015,0.0,0.5250827134754212,-0.5363492007551798,0.0,0.539816759954878,0.0
3.590021,0.0,0.5249353777559257,-0.5366492563615883,0.0,0.5398039130097013,0.0
3.599887,0.0,0.5247878998127078,-0.5369454258392019,0.0,0.5397908107423195,0.0
3.609904,0.0,0.5246360838593829,-0.5372461274016012,0.0,0.5397770797570359,0.0
3.620104,0.0,0.5244791761538062,-0.5375526449714803,0.0,0.5397626395289494,0.0
3.629939,0.0,0.5243258632859928,-0.537848121374155,0.0,0.5397482958302273,0.0
3.639932,0.0,0.5241681099624709,-0.5381481779049665,0.0,0.5397333045828936,0.0
3.649935,0.0,0.5240078778118636,-0.538448983506012,0.0,0.5397178461820749,0.0
3.659931,0.0,0.523845562226289,-0.5387497862442298,0.0,0.5397019580171745,0.0
3.669856,0.0,0.523682441607726,-0.5390482663844134,0.0,0.5396857679182365,0.0
3.679895,0.0,0.5235152798862437,-0.53935032610948,0.0,0.53966895337497,0.0
3.689958,0.0,0.5233455546619274,-0.5396532172063663,0.0,0.5396516582339231,0.0
3.699931,0.0,0.5231753554965582,-0.539953252555063,0.0,0.5396340976737133,0.0
3.710025,0.0,0.5230009771377878,-0.5402569534251308,0.0,0.5396158885700486,0.0
3.72005,0.0,0.5228254799052511,-0.5405589584860963,0.0,0.5395973484318908,0.0
3.730027,0.0,0.5226486940271969,-0.5408596181613112,0.0,0.5395784625334052,0.0
3.740001,0.0,0.5224698479780291,-0.5411602721687073,0.0,0.5395591498587342,0.0
3.749944,0.0,0.5222895207545274,-0.5414599675658694,0.0,0.5395394739132137,0.0
3.759892,0.0,0.5221071685399726,-0.54175962868716,0.0,0.5395193763492017,0.0
3.769895,0.0,0.5219214010262767,-0.5420615069570489,0.0,0.5394987017451959,0.0
3.77999,0.0,0.5217318180911207,-0.5423661722540896,0.0,0.5394774005877285,0.0
3.78992,0.0,0.5215433593996602,-0.5426657281629025,0.0,0.5394560301248191,0.0
3.799915,0.0,0.5213516839102554,-0.5429671313397236,0.0,0.5394341012121161,0.0
3.809897,0.0,0.5211580140982609,-0.5432684344938924,0.0,0.5394117519865943,0.0
3.819889,0.0,0.5209620851481838,-0.5435700492841263,0.0,0.53938895162518,0.0
3.829918,0.0,0.5207633674565058,-0.5438727715584765,0.0,0.5393656370933217,0.0
3.839912,0.0,0.5205631732724386,-0.5441746017726293,0.0,0.5393419620693317,0.0
3.849913,0.0,0.5203611907441503,-0.5444760328036964,0.0,0.5393178907726813,0.0
3.859976,0.0,0.5201552029301064,-0.5447803380054551,0.0,0.5392931566408835,0.0
3.86996,0.0,0.5199488776399499,-0.5450820965932507,0.0,0.5392681996863495,0.0
3.879858,0.0,0.5197423122243385,-0.5453812456067711,0.0,0.5392430361784143,0.0
3.889961,0.0,0.5195295735144613,-0.5456863307954962,0.0,0.5392169402766664,0.0
3.899857,0.0,0.5193188678233565,-0.5459855844182202,0.0,0.5391909184004647,0.0
3.909906,0.0,0.5191031312936366,-0.5462890644341275,0.0,0.5391640994337487,0.0
3.919935,0.0,0.5188857278134912,-0.5465919884834664,0.0,0.5391368982428294,0.0
3.929932,0.0,0.5186667625382771,-0.5468942297829776,0.0,0.5391093288928624,0.0
3.939911,0.0,0.5184462561514815,-0.5471957810979716,0.0,0.5390813949922394,0.0
3.949925,0.0,0.5182226979384614,-0.5474987009402443,0.0,0.5390529044229563,0.0
3.95996,0.0,0.5179967711181643,-0.5478020408271899,0.0,0.5390239425839926,0.0
3.969932,0.0,0.5177701788759554,-0.5481035352622101,0.0,0.5389947288068168,0.0
3.979868,0.0,0.5175422784287219,-0.5484040789333632,0.0,0.5389651823237859,0.0
3.989998,0.0,0.5173088428161985,-0.5487091993674322,0.0,0.5389347519686964,0.0
3.999916,0.0,0.5170764889020412,-0.5490102427665011,0.0,0.5389042996984038,0.0
4.010097,0.0,0.5168373512264941,-0.5493173748469017,0.0,0.5388727928226322,0.0
4.019966,0.0,0.5166026758652497,-0.5496161824683294,0.0,0.5388417145989024,0.0
4.030101,0.0,0.5163599751644182,-0.5499225769455828,0.0,0.5388094116343621,0.0
4.039956,0.0,0.5161217132486138,-0.5502208314858702,0.0,0.5387775430818554,0.0
4.049998,0.0,0.5158770161146747,-0.5505245927658371,0.0,0.5387446563130165,0.0
4.05995,0.0,0.5156325993486024,-0.5508254924507977,0.0,0.5387116516038499,0.0
4.069997,0.0,0.5153837812057308,-0.5511292948989827,0.0,0.5386778964698853,0.0
4.079892,0.0,0.5151367388921051,-0.5514284800272328,0.0,0.5386442299721286,0.0
4.089948,0.0,0.5148836144323973,-0.5517325620579774,0.0,0.5386095807588166,0.0
4.099921,0.0,0.5146308742550683,-0.552033749625628,0.0,0.5385748322148123,0.0
4.110169,0.0,0.5143684946957191,-0.5523439151164228,0.0,0.5385386013164143,0.0
4.119907,0.0,0.5141173737590393,-0.5526384346620924,0.0,0.5385037784654778,0.0
4.129899,0.0,0.5138577121350779,-0.552940624303634,0.0,0.5384676237165099,0.0
4.139936,0.0,0.5135950514448906,-0.5532439334638086,0.0,0.5384309019500233,0.0
4.149904,0.0,0.5133322675840126,-0.5535450543609329,0.0,0.5383940157128226,0.0
4.159976,0.0,0.5130646316894233,-0.5538493945649278,0.0,0.5383563001588518,0.0
4.169974,0.0,0.5127968978214461,-0.5541515370167335,0.0,0.5383184241745625,0.0
4.179922,0.0,0.5125286013870606,-0.5544520500458043,0.0,0.538280324467694,0.0
4.189927,0.0,0.512256645741119,-0.5547544003747491,0.0,0.5382415608163155,0.0
4.199898,0.0,0.5119836819305177,-0.555055633176947,0.0,0.5382025102441399,0.0
4.210022,0.0,0.5117045502322694,-0.555361405001527,0.0,0.5381624318096455,0.0
4.219911,0.0,0.511429794167116,-0.5556601933445443,0.0,0.5381228407535126,0.0
4.229941,0.0,0.5111493013588513,-0.5559630275634901,0.0,0.5380822816364691,0.0
4.240017,0.0,0.5108654462507893,-0.5562672852403231,0.0,0.5380410936154743,0.0
4.249916,0.0,0.5105847883323659,-0.5565659801773926,0.0,0.5380002309982831,0.0
4.259893,0.0,0.5102998090581864,-0.5568671472708362,0.0,0.5379586008782258,0.0
4.269891,0.0,0.5100122821731277,-0.5571688802147133,0.0,0.5379164599039366,0.0
4.279942,0.0,0.5097213129487822,-0.5574720965660382,0.0,0.5378736751440047,0.0
4.289941,0.0,0.5094298147289478,-0.5577737612034421,0.0,0.5378306746341899,0.0
4.299882,0.0,0.5091379622717218,-0.5580737270284343,0.0,0.5377874859658952,0.0
4.30989,0.0,0.5088424963482678,-0.5583753444121748,0.0,0.5377436264622861,0.0
4.319902,0.0,0.5085445915178095,-0.5586773931070061,0.0,0.5376992686621398,0.0
4.329935,0.0,0.5082447960808859,-0.5589793140765484,0.0,0.5376544935830463,0.0
4.339924,0.0,0.50794385054821,-0.5592803714866753,0.0,0.5376094120613218,0.0
4.349982,0.0,0.5076386837075348,-0.5595836242350161,0.0,0.5375635627062645,0.0
4.359906,0.0,0.5073358186995094,-0.5598826105178072,0.0,0.5375179265195802,0.0
4.369955,0.0,0.5070273539148783,-0.5601851377393259,0.0,0.5374713129108162,0.0
4.379939,0.0,0.5067189058754742,-0.5604856820284358,0.0,0.5374245691475545,0.0
4.389968,0.0,0.506407170798096,-0.560787469475484,0.0,0.5373771945889125,0.0
4.399967,0.0,0.5060944666374914,-0.5610882534878866,0.0,0.5373295408789138,0.0
4.409965,0.0,0.5057806233850288,-0.561388214816682,0.0,0.5372815828379044,0.0
4.419976,0.0,0.505462658144024,-0.5616901926614736,0.0,0.5372328634021588,0.0
4.429878,0.0,0.5051476008495643,-0.5619875349324895,0.0,0.5371844609406755,0.0
4.439914,0.0,0.5048261131087605,-0.5622890587943709,0.0,0.5371349406011859,0.0
4.449873,0.0,0.5045049493479059,-0.5625884100632914,0.0,0.5370853410255501,0.0
4.459901,0.0,0.5041800101641348,-0.5628894140722335,0.0,0.537035028953191,0.0
4.469923,0.0,0.5038533039095678,-0.5631901966419585,0.0,0.5369843139276369,0.0
4.479908,0.0,0.5035257812366287,-0.5634898940169767,0.0,0.536933343850573,0.0
4.48995,0.0,0.5031954910796157,-0.5637902944111055,0.0,0.5368818148224681,0.0
4.499866,0.0,0.5028653002890975,-0.5640888005936158,0.0,0.5368301743482071,0.0
4.510072,0.0,0.5025250035569875,-0.564394589027003,0.0,0.5367768223782899,0.0
4.5199,0.0,0.5021954571568238,-0.5646889548356541,0.0,0.5367250308757676,0.0
4.529951,0.0,0.5018567033693766,-0.5649897688944716,0.0,0.5366716659030314,0.0
4.539979,0.0,0.5015164790944462,-0.5652901073258209,0.0,0.5366179419813757,0.0
4.549914,0.0,0.5011773023037731,-0.5655877743280652,0.0,0.5365642581566525,0.0
4.559875,0.0,0.5008358241551571,-0.5658857289431405,0.0,0.5365100853334486,0.0
4.56993,0.0,0.5004894504536788,-0.5661862094224227,0.0,0.5364550096413527,0.0
4.579931,0.0,0.5001428757797273,-0.5664851339382623,0.0,0.5363997763769195,0.0
4.58998,0.0,0.49979267616257694,-0.5667854561735619,0.0,0.53634383938888,0.0
4.599914,0.0,0.49944472406529894,-0.5670821581651688,0.0,0.5362881374947803,0.0
4.60994,0.0,0.499091602357042,-0.567381571367836,0.0,0.5362314833084335,0.0
4.620078,0.0,0.4987331461253719,-0.5676837877835763,0.0,0.5361738463288886,0.0
4.629866,0.0,0.49838460805582196,-0.5679760072972072,0.0,0.5361176829555876,0.0
4.639881,0.0,0.4980265241538001,-0.5682745782642455,0.0,0.5360598584288535,0.0
4.649958,0.0,0.4976654057805254,-0.5685740106419844,0.0,0.536001419167211,0.0
4.659886,0.0,0.49730585654426734,-0.5688705033605403,0.0,0.5359431108459286,0.0
4.669961,0.0,0.49694024532864695,-0.5691703447201801,0.0,0.5358836950460077,0.0
4.679993,0.0,0.49657418976721907,-0.5694689094804116,0.0,0.535824082782724,0.0
4.690027,0.0,0.49620639937952327,-0.569767261223173,0.0,0.5357640641904858,0.0
4.700076,0.0,0.49583628783157785,-0.5700658739934875,0.0,0.5357035429165087,0.0
4.710006,0.0,0.4954688093268109,-0.5703607772820224,0.0,0.5356433305731506,0.0
4.719883,0.0,0.4951011671740249,-0.570654255270162,0.0,0.5355829714347885,0.0
4.72993,0.0,0.4947259623063467,-0.5709521890779492,0.0,0.5355212482257876,0.0
4.739931,0.0,0.4943502722431119,-0.5712489315892759,0.0,0.5354593225753647,0.0
4.749875,0.0,0.49397524616547384,-0.5715435996267505,0.0,0.5353973852564596,0.0
4.760004,0.0,0.4935915585940314,-0.5718434942549886,0.0,0.5353338935000369,0.0
4.770107,0.0,0.49320671209003963,-0.5721427141523143,0.0,0.5352700853069501,0.0
4.780125,0.0,0.49282444960770166,-0.5724383809369638,0.0,0.5352065831944588,0.0
4.789866,0.0,0.49244895811955136,-0.5727273340242737,0.0,0.5351440883302254,0.0
4.799938,0.0,0.49206033537088767,-0.5730248730746373,0.0,0.5350792864555435,0.0
4.810026,0.0,0.4916692265378321,-0.5733227778482418,0.0,0.5350139464353386,0.0
4.81987,0.0,0.491285620345043,-0.57361349072608,0.0,0.5349497405239512,0.0
4.829935,0.0,0.49089189412580664,-0.5739103731800488,0.0,0.5348837190530313,0.0
4.839902,0.0,0.49050030566144043,-0.5742041577718865,0.0,0.5348179348623989,0.0
4.849864,0.0,0.49010702102208603,-0.5744977441623712,0.0,0.5347517451873525,0.0
4.859955,0.0,0.4897072743422175,-0.5747946649451786,0.0,0.5346843452701139,0.0
4.869941,0.0,0.48930978470933206,-0.5750884408150028,0.0,0.5346172043543258,0.0
4.87997,0.0,0.4889087765686365,-0.5753833537097496,0.0,0.5345493473726014,0.0
4.890072,0.0,0.4885031264048043,-0.5756802053836101,0.0,0.5344805815470647,0.0
4.900125,0.0,0.488097890409138,-0.575975292777581,0.0,0.5344117631302197,0.0
4.909955,0.0,0.4876999730895015,-0.5762636487411463,0.0,0.534344069159788,0.0
4.919892,0.0,0.48729554448798706,-0.5765553184795035,0.0,0.5342751482229875,0.0
4.929882,0.0,0.48688767307064235,-0.5768480557516459,0.0,0.5342055197916188,0.0
4.939924,0.0,0.4864762025648284,-0.5771419548500271,0.0,0.5341351550339313,0.0
4.949936,0.0,0.4860645571326846,-0.5774345691372962,0.0,0.5340646388017799,0.0
4.959922,0.0,0.48565143576163805,-0.5777268333895179,0.0,0.5339937484523736,0.0
4.970072,0.0,0.48523132506901956,-0.5780226234444981,0.0,0.5339215351200215,0.0
4.98,0.0,0.4848168278310552,-0.5783130770737279,0.0,0.533850165436071,0.0
4.98993,0.0,0.48440125717848503,-0.5786029203438222,0.0,0.5337784909266184,0.0
4.999918,0.0,0.4839818677892888,-0.578894061328105,0.0,0.5337060368693775,0.0
5.009948,0.0,0.483558790101741,-0.5791863901429544,0.0,0.5336328234335106,0.0
5.019935,0.0,0.4831363326769842,-0.5794769320469176,0.0,0.5335595957633947,0.0
5.03,0.0,0.48270882270974647,-0.5797695842638838,0.0,0.5334853695073911,0.0
5.039899,0.0,0.4822864656376876,-0.5800573777872704,0.0,0.5334119174689271,0.0
5.050036,0.0,0.48185300131084474,-0.5803513808937574,0.0,0.5333364101428817,0.0
5.059917,0.0,0.48142832568660276,-0.5806381042740072,0.0,0.5332623131371083,0.0
5.069922,0.0,0.4809966727934253,-0.5809282171717949,0.0,0.533186877210389,0.0
5.080018,0.0,0.48055972645912715,-0.5812205475391052,0.0,0.5331103922322167,0.0
5.089864,0.0,0.48013190037178244,-0.5815054853535403,0.0,0.5330353836391875,0.0
5.09991,0.0,0.4796936939890001,-0.5817960282937916,0.0,0.5329584327524544,0.0
5.110088,0.0,0.47924965290367005,-0.5820891053072186,0.0,0.5328803317428007,0.0
5.120028,0.0,0.47881164055688546,-0.5823769027248067,0.0,0.5328031680868082,0.0
5.130006,0.0,0.4783720534849569,-0.5826644514955752,0.0,0.5327256049247484,0.0
5.139892,0.0,0.4779346370050456,-0.5829493190598891,0.0,0.5326483040735752,0.0
5.150076,0.0,0.4774830707192108,-0.5832420970381408,0.0,0.5325683771100723,0.0
5.159988,0.0,0.47704128986364824,-0.5835272626199012,0.0,0.5324900594578375,0.0
5.169928,0.0,0.4765968012078675,-0.5838129249747218,0.0,0.5324111399984022,0.0
5.179979,0.0,0.4761459680813236,-0.5841013973861425,0.0,0.5323309699961769,0.0
5.189929,0.0,0.4756979135165389,-0.5843868415592088,0.0,0.5322511709793522,0.0
5.199934,0.0,0.4752458862295942,-0.5846735677421598,0.0,0.5321705407224496,0.0
5.209923,0.0,0.47479298286654265,-0.5849596055758762,0.0,0.5320896302622977,0.0
5.220012,0.0,0.4743356142286469,-0.5852472138290814,0.0,0.5320077968599818,0.0
5.22994,0.0,0.4738815146818539,-0.585531537681617,0.0,0.531926424520977,0.0
5.239975,0.0,0.4734218402144942,-0.5858181189082845,0.0,0.5318439281401313,0.0
5.249893,0.0,0.4729662003795229,-0.5861009736002318,0.0,0.5317620323085066,0.0
5.259918,0.0,0.4725041697636381,-0.5863865776085975,0.0,0.5316788628408475,0.0
5.269907,0.0,0.472042724998359,-0.5866706084794334,0.0,0.5315956738390962,0.0
5.279982,0.0,0.4715752285745477,-0.586957143404033,0.0,0.5315112670762362,0.0
5.289939,0.0,0.4711118540619944,-0.5872399522149566,0.0,0.5314274792027767,0.0
5.299878,0.0,0.4706478334043386,-0.587521971104252,0.0,0.5313434500378204,0.0
5.309901,0.0,0.47017844430184286,-0.5878060596740795,0.0,0.5312583225657713,0.0
5.319945,0.0,0.4697064546438646,-0.5880905248603491,0.0,0.5311725961099301,0.0
5.329883,0.0,0.46923811000697085,-0.5883716187895118,0.0,0.5310874060140075,0.0
5.33988,0.0,0.46876571356956587,-0.5886539716798274,0.0,0.5310013526348366,0.0
5.349974,0.0,0.46828695062355835,-0.5889389403536757,0.0,0.5309140106599004,0.0
5.359975,0.0,0.46781146389089784,-0.5892207858908116,0.0,0.5308271385204537,0.0
5.369883,0.0,0.46733921825510044,-0.5894995648727779,0.0,0.5307407329313449,0.0
5.379934,0.0,0.46685802119951614,-0.5897824657955424,0.0,0.5306525612799173,0.0
5.390003,0.0,0.4663744415115194,-0.5900655973901956,0.0,0.5305638231477474,0.0
5.399877,0.0,0.46589978522977915,-0.590342375043228,0.0,0.530476596328173,0.0
5.40991,0.0,0.46541498423228517,-0.5906239246505789,0.0,0.5303873766979229,0.0
5.420034,0.0,0.4649265018265948,-0.5909064549091668,0.0,0.5302973486732068,0.0
5.43008,0.0,0.46443703804060027,-0.5911883990413569,0.0,0.5302070084735826,0.0
5.43989,0.0,0.4639594433862917,-0.5914624038241526,0.0,0.5301187327087536,0.0
5.450024,0.0,0.46346460246489346,-0.5917451656390292,0.0,0.5300271381674884,0.0
5.459971,0.0,0.46297706928226107,-0.5920226303846347,0.0,0.529936766258647,0.0
5.469938,0.0,0.462487691956453,-0.5923000361099188,0.0,0.5298459231517765,0.0
5.480027,0.0,0.4619908057660916,-0.5925805727138149,0.0,0.5297535540054881,0.0
5.489921,0.0,0.4615023539402968,-0.5928552523659534,0.0,0.5296626233816568,0.0
5.499927,0.0,0.46100675895912724,-0.5931328497980247,0.0,0.5295702322767255,0.0
5.509904,0.0,0.4605110056487238,-0.5934094385361818,0.0,0.5294776803371801,0.0
5.519954,0.0,0.4600105776188704,-0.5936875325779861,0.0,0.5293841228702383,0.0
5.529862,0.0,0.4595158233636605,-0.5939613944467405,0.0,0.5292914953544672,0.0
5.539927,0.0,0.4590119673683506,-0.5942392016924197,0.0,0.5291970305437437,0.0
5.549958,0.0,0.4585084850696181,-0.5945157114696392,0.0,0.5291025018281318,0.0
5.559917,0.0,0.45800717071278535,-0.5947899564647432,0.0,0.5290082474503363,0.0
5.569996,0.0,0.4574987124452672,-0.5950670245547214,0.0,0.528912515021144,0.0
5.580036,0.0,0.45699051157348514,-0.5953428703283776,0.0,0.528816695661227,0.0
5.589942,0.0,0.4564882820785953,-0.59561442156294,0.0,0.5287218695336023,0.0
5.599901,0.0,0.4559821242814408,-0.5958870466865458,0.0,0.5286261686117466,0.0
5.610013,0.0,0.45546629276575346,-0.5961638071328693,0.0,0.5285285015122868,0.0
5.619886,0.0,0.4549614046770189,-0.5964336542374817,0.0,0.5284327726830947,0.0
5.629838,0.0,0.45445084847202766,-0.5967054917643878,0.0,0.5283358349084296,0.0
5.639865,0.0,0.4539362478138577,-0.5969784345077046,0.0,0.528237992919244,0.0
5.649953,0.0,0.4534167260857637,-0.5972529290720743,0.0,0.5281390767620227,0.0
5.65991,0.0,0.4529031761115634,-0.5975232322414847,0.0,0.5280411611180361,0.0
5.669952,0.0,0.45238349070462597,-0.5977957249444055,0.0,0.5279419377931553,0.0
5.679869,0.0,0.45186847115470585,-0.598064747865054,0.0,0.527843468756256,0.0
5.689947,0.0,0.4513443865223127,-0.5983374690135935,0.0,0.5277431272318567,0.0
5.69998,0.0,0.4508210863286569,-0.598608746983303,0.0,0.5276427959637955,0.0
5.709868,0.0,0.4503047038944928,-0.5988754333864162,0.0,0.5275436542003873,0.0
5.720007,0.0,0.44977372316432696,-0.5991486261921168,0.0,0.5274415681821828,0.0
5.729849,0.0,0.44925668869508517,-0.5994136453323115,0.0,0.5273420258369969,0.0
5.739898,0.0,0.44872810409591646,-0.5996835748524978,0.0,0.527240119644119,0.0
5.749868,0.0,0.4482024408494151,-0.5999510080237331,0.0,0.5271386363501989,0.0
5.760004,0.0,0.4476669433094721,-0.6002224226962137,0.0,0.5270351108148631,0.0
5.769942,0.0,0.447140345753466,-0.6004883288256943,0.0,0.5269331646882316,0.0
5.779922,0.0,0.4466103194910752,-0.6007549752521937,0.0,0.5268304136055336,0.0
5.790009,0.0,0.4460751081815141,-0.6010232292178203,0.0,0.526726513816999,0.0
5.799979,0.0,0.44554114766898956,-0.6012898617999121,0.0,0.5266227133040384,0.0
5.809882,0.0,0.44501201468614004,-0.601553111481345,0.0,0.5265197099899902,0.0
5.819938,0.0,0.44447380878472087,-0.6018198897906493,0.0,0.5264147964154076,0.0
5.829891,0.0,0.4439393167549096,-0.6020838513517134,0.0,0.5263104631429035,0.0
5.839878,0.0,0.4434020674600169,-0.6023482020509486,0.0,0.5262054475413986,0.0
5.849928,0.0,0.44286113087568646,-0.6026133893976248,0.0,0.5260995653670787,0.0
5.859856,0.0,0.44232392328583087,-0.6028757850580029,0.0,0.5259942684294943,0.0
5.869886,0.0,0.441780845301814,-0.6031400793134639,0.0,0.5258876744393556,0.0
5.879915,0.0,0.4412370855697814,-0.6034037367331122,0.0,0.525780799282972,0.0
5.889914,0.0,0.4406934628344947,-0.6036663660309665,0.0,0.5256738037819677,0.0
5.899903,0.0,0.440149465122586,-0.6039282209736724,0.0,0.5255665871858186,0.0
5.910024,0.0,0.4395968612251049,-0.6041932470431115,0.0,0.5254575236449498,0.0
5.92001,0.0,0.43905082969893666,-0.6044541663052337,0.0,0.5253496081125548,0.0
5.930027,0.0,0.4385019193478748,-0.6047155115722092,0.0,0.5252409742962845,0.0
5.939921,0.0,0.43795828551456367,-0.604973412840529,0.0,0.525133237264068,0.0
5.949961,0.0,0.4374072745298676,-0.6052338743276053,0.0,0.5250238885393761,0.0
5.959949,0.0,0.43685536682578563,-0.6054938181993456,0.0,0.5249142108607919,0.0
5.969861,0.0,0.43630744876359256,-0.6057509574368933,0.0,0.5248051765986285,0.0
5.980001,0.0,0.43574658384598863,-0.6060132241946868,0.0,0.5246934118038926,0.0
5.989908,0.0,0.4351971726614049,-0.6062692111320166,0.0,0.5245837782719696,0.0
5.999928,0.0,0.43464064276320175,-0.6065275890632572,0.0,0.5244725717544906,0.0
6.009915,0.0,0.4340850657458996,-0.6067846015345667,0.0,0.524361402626246,0.0
6.019905,0.0,0.43352779546128506,-0.6070414770997341,0.0,0.524249741125008,0.0
6.029883,0.0,0.4329703587707613,-0.6072975135380707,0.0,0.5241378924447615,0.0
6.0399,0.0,0.43240998903897276,-0.6075539801148482,0.0,0.5240253001953656,0.0
6.049898,0.0,0.4318493835806496,-0.6078096406649449,0.0,0.5239125050267833,0.0
6.059994,0.0,0.4312826002058968,-0.6080671954984769,0.0,0.5237983086785122,0.0
6.069901,0.0,0.4307252100133566,-0.6083195826351426,0.0,0.5236858497742894,0.0
6.07991,0.0,0.430161273987231,-0.608574032094235,0.0,0.5235719136402435,0.0
6.089889,0.0,0.4295979898642452,-0.6088272879134716,0.0,0.5234579520112517,0.0
6.099894,0.0,0.4290320436390992,-0.6090808410801294,0.0,0.5233432935412221,0.0
6.109852,0.0,0.42846757897916765,-0.6093328380681117,0.0,0.5232287771932888,0.0
6.119969,0.0,0.42789363311072204,-0.609588159783722,0.0,0.5231121754663289,0.0
6.129961,0.0,0.4273260523291261,-0.6098397552385678,0.0,0.5229967062992085,0.0
6.13998,0.0,0.4267553717950931,-0.6100918333249336,0.0,0.5228804454879045,0.0
6.149893,0.0,0.4261898770520286,-0.6103407445281063,0.0,0.5227650818106617,0.0
6.159857,0.0,0.42562063664777056,-0.6105904289230437,0.0,0.5226487937505389,0.0
6.169869,0.0,0.4250477870286924,-0.6108408150430609,0.0,0.522531605992078,0.0
6.179922,0.0,0.4244719322979226,-0.611091628951053,0.0,0.5224136392145218,0.0
6.189863,0.0,0.4239009896442515,-0.6113394319899065,0.0,0.5222965160212241,0.0
6.199877,0.0,0.423325075345771,-0.6115885190656095,0.0,0.5221782087447526,0.0
6.209899,0.0,0.42274772674554567,-0.6118373508754106,0.0,0.5220594411961375,0.0
6.220032,0.0,0.4221638345119424,-0.612088116560528,0.0,0.5219391587652994,0.0
6.229964,0.0,0.42159047631418933,-0.6123334958753399,0.0,0.5218208810779583,0.0
6.239878,0.0,0.4210163476653047,-0.6125783537308557,0.0,0.5217022802288441,0.0
6.25009,0.0,0.420425150435981,-0.6128296061278623,0.0,0.5215799815602458,0.0
6.259848,0.0,0.4198586304160509,-0.6130695332985535,0.0,0.5214626240155641,0.0
6.269938,0.0,0.4192727565124285,-0.6133167996428472,0.0,0.5213410885000167,0.0
6.279921,0.0,0.4186917570476103,-0.6135611526315268,0.0,0.5212203945905529,0.0
6.289913,0.0,0.41810953114443716,-0.6138051709937753,0.0,0.5210992763597079,0.0
6.299884,0.0,0.41752774003326437,-0.6140481614753008,0.0,0.5209780788773315,0.0
6.309923,0.0,0.4169408003233675,-0.614292450456138,0.0,0.5208556367823545,0.0
6.319847,0.0,0.416359828323499,-0.6145334176291073,0.0,0.5207342692417957,0.0
6.329921,0.0,0.4157703109168982,-0.6147770815804272,0.0,0.5206109430786426,0.0
6.339909,0.0,0.4151838592383568,-0.6150186358489282,0.0,0.5204880847115394,0.0
6.350058,0.0,0.4145875444735966,-0.6152633956275639,0.0,0.5203629823881248,0.0
6.360009,0.0,0.4140017525355805,-0.6155029993407005,0.0,0.5202399130043357,0.0
6.369922,0.0,0.4134175968709918,-0.6157411121279491,0.0,0.5201170147845089,0.0
6.379991,0.0,0.4128235254354175,-0.6159824296536401,0.0,0.5199918534280896,0.0
6.389941,0.0,0.4122356391345713,-0.6162204079996024,0.0,0.5198678192449265,0.0
6.399944,0.0,0.41164421840571713,-0.6164589915462669,0.0,0.5197428625243153,0.0
6.409914,0.0,0.4110535092058513,-0.6166964657404328,0.0,0.5196178788532001,0.0
6.41988,0.0,0.4104622922911674,-0.6169333253246811,0.0,0.5194926101042192,0.0
6.429862,0.0,0.4098694882500123,-0.617170002512527,0.0,0.5193668263671626,0.0
6.440048,0.0,0.40926408885567944,-0.617410866991913,0.0,0.5192381851338173,0.0
6.450041,0.0,0.40866947207387655,-0.617646617939463,0.0,0.5191116528802993,0.0
6.459844,0.0,0.40808494054084465,-0.6178775787229637,0.0,0.5189870904484941,0.0
6.470061,0.0,0.40747676592167176,-0.6181170523414614,0.0,0.5188573039114751,0.0
6.480015,0.0,0.40688065162379466,-0.6183509605669517,0.0,0.5187299068943855,0.0
6.489953,0.0,0.40628763305380367,-0.6185828558310983,0.0,0.5186029902430312,0.0
6.499865,0.0,0.40569332613290415,-0.6188144599077314,0.0,0.5184756162113472,0.0
6.509878,0.0,0.40509373613906186,-0.6190473201012074,0.0,0.5183469252991187,0.0
6.519904,0.0,0.4044912242821989,-0.6192805066529319,0.0,0.518217420169929,0.0
6.529947,0.0,0.4038882430705771,-0.6195130673106428,0.0,0.5180876260547488,0.0
6.539864,0.0,0.4032912318686132,-0.6197425331717279,0.0,0.5179589312823093,0.0
6.549878,0.0,0.4026882155364243,-0.619973510535252,0.0,0.5178287540682738,0.0
6.559918,0.0,0.40208334066453183,-0.6202043990981952,0.0,0.5176979855228818,0.0
6.570078,0.0,0.4014708553038766,-0.6204373792334446,0.0,0.5175653772677158,0.0
6.579902,0.0,0.40087776994669594,-0.6206622032952058,0.0,0.5174367825050566,0.0
6.589929,0.0,0.4002708698658728,-0.6208914766307632,0.0,0.5173050017745874,0.0
6.599882,0.0,0.39966896161256454,-0.6211180807451989,0.0,0.5171741141420403,0.0
6.609864,0.0,0.39906361259563183,-0.6213451967198926,0.0,0.517042286250465,0.0
6.619855,0.0,0.3984578180064166,-0.6215716966032879,0.0,0.516910168117971,0.0
6.629923,0.0,0.39784649170106523,-0.6217994737783493,0.0,0.5167766472230297,0.0
6.639872,0.0,0.39724223353409466,-0.622023839842131,0.0,0.5166444758477655,0.0
6.64986,0.0,0.39663463527991466,-0.6222486698796532,0.0,0.5165113787426394,0.0
6.659953,0.0,0.39602008906505387,-0.6224752823582045,0.0,0.5163765601695564,0.0
6.669987,0.0,0.3954087836470142,-0.6226999162705155,0.0,0.5162422530783073,0.0
6.67998,0.0,0.3947990908581239,-0.6229231823720971,0.0,0.5161081016738476,0.0
6.690009,0.0,0.39418703367368657,-0.623146538700057,0.0,0.5159732300616934,0.0
6.700016,0.0,0.393577075556165,-0.623368358961238,0.0,0.515838621208466,0.0
6.709925,0.0,0.392970193191774,-0.6235883007193882,0.0,0.5157044927271474,0.0
6.719893,0.0,0.3923598944224872,-0.62380871911622,0.0,0.5155694091304348,0.0
6.729872,0.0,0.3917485247341146,-0.6240287615509003,0.0,0.5154338868758681,0.0
6.739884,0.0,0.39113538946271276,-0.6242486756289248,0.0,0.515297770078568,0.0
6.750005,0.0,0.3905140591818685,-0.6244707516314776,0.0,0.5151596259079336,0.0
6.759938,0.0,0.38990427367033365,-0.6246879432507255,0.0,0.5150238443956368,0.0
6.769923,0.0,0.38929127185424744,-0.6249055263311059,0.0,0.514887142339993,0.0
6.780049,0.0,0.38866758188068634,-0.6251261299740802,0.0,0.5147478459463256,0.0
6.789922,0.0,0.3880597767724791,-0.6253403674108198,0.0,0.5146118921867775,0.0
6.799911,0.0,0.3874443982883586,-0.6255565251382675,0.0,0.5144740375916455,0.0
6.809919,0.0,0.3868284697015411,-0.6257721239315654,0.0,0.5143358508318187,0.0
6.820019,0.0,0.38620450703245407,-0.6259897703504101,0.0,0.5141956478777543,0.0
6.829908,0.0,0.385594108558979,-0.62620194329916,0.0,0.5140582840752571,0.0
6.839921,0.0,0.38497533708078574,-0.6264162801116738,0.0,0.5139188247742781,0.0
6.849897,0.0,0.38435871247101416,-0.6266291280174754,0.0,0.5137796371793374,0.0
6.859917,0.0,0.3837384899842725,-0.6268424698567978,0.0,0.513639423210664,0.0
6.869901,0.0,0.3831204112155323,-0.6270543304710877,0.0,0.5134994795168115,0.0
6.879894,0.0,0.38250126917413885,-0.6272658134908411,0.0,0.5133590799300625,0.0
6.890356,0.0,0.3818534636230633,-0.6274862947442845,0.0,0.5132119492775897,0.0
6.899912,0.0,0.3812608926053667,-0.6276872694009801,0.0,0.5130771559355561,0.0
6.909887,0.0,0.38064170341257647,-0.6278965518585364,0.0,0.512936095112139,0.0
6.919916,0.0,0.380018694980516,-0.628106384874356,0.0,0.5127939442917819,0.0
6.929917,0.0,0.37939762725734777,-0.628314827363711,0.0,0.5126520160605966,0.0
6.939937,0.0,0.3787749568898297,-0.6285230713685618,0.0,0.5125095001930939,0.0
6.949924,0.0,0.378153556828289,-0.628730157657516,0.0,0.5123670533947939,0.0
6.959949,0.0,0.37752940882079505,-0.6289374248846301,0.0,0.5122237530624174,0.0
6.969967,0.0,0.3769060255815364,-0.6291437051669185,0.0,0.5120804039310562,0.0
6.979891,0.0,0.37628694579531535,-0.6293478385166094,0.0,0.5119378217684399,0.0
6.990129,0.0,0.3756487054957185,-0.6295575377356326,0.0,0.511790593690761,0.0
6.9999,0.0,0.3750395707411374,-0.629756963968009,0.0,0.5116498583095315,0.0
7.010023,0.0,0.37440746799554553,-0.6299631784972629,0.0,0.5115035871008653,0.0
7.02,0.0,0.3737847438138036,-0.6301656070628274,0.0,0.5113592570530208,0.0
7.030108,0.0,0.37315325620923206,-0.6303701501137307,0.0,0.5112126629361827,0.0
7.039919,0.0,0.37254013455573287,-0.6305680387293585,0.0,0.5110701071245806,0.0
7.049875,0.0,0.3719176260126744,-0.6307682476265097,0.0,0.5109251410506324,0.0
7.059906,0.0,0.3712904565904047,-0.6309692345291595,0.0,0.510778856759112,0.0
7.06989,0.0,0.37066570818681266,-0.6311687278567352,0.0,0.5106329040374668,0.0
7.07989,0.0,0.3700394285653925,-0.6313679929300152,0.0,0.5104863592725872,0.0
7.090049,0.0,0.3694035287212713,-0.6315695859727648,0.0,0.510337322576183,0.0
7.099866,0.0,0.36878808708664934,-0.6317639917713531,0.0,0.5101928487781591,0.0
7.109892,0.0,0.3681594236979231,-0.6319618632191069,0.0,0.5100450348437575,0.0
7.11999,0.0,0.367526679540857,-0.6321602953472653,0.0,0.5098960193793949,0.0
7.129906,0.0,0.3669044596376726,-0.6323547205480236,0.0,0.5097492448057397,0.0
7.139886,0.0,0.3662789570084978,-0.6325494669800428,0.0,0.5096014575108264,0.0
7.149906,0.0,0.3656502995516917,-0.6327444854680703,0.0,0.5094526831607321,0.0
7.159952,0.0,0.3650194742373899,-0.6329394623389738,0.0,0.5093031513674635,0.0
7.16995,0.0,0.3643914520541405,-0.6331328637256243,0.0,0.5091540399411385,0.0
7.179865,0.0,0.36376904942580185,-0.6333238379533931,0.0,0.5090060215959868,0.0
7.189937,0.0,0.36313669044307684,-0.633517158369027,0.0,0.5088553886656997,0.0
7.199877,0.0,0.3625117235299016,-0.6337075184179684,0.0,0.5087062712745829,0.0
7.209927,0.0,0.3618800879305643,-0.6338992034961864,0.0,0.508555314014222,0.0
7.219931,0.0,0.361251177079811,-0.6340893576689588,0.0,0.5084047585917278,0.0
7.229878,0.0,0.36062551620253613,-0.6342778334432547,0.0,0.5082547333456725,0.0
7.239932,0.0,0.3599935988634688,-0.6344674908253095,0.0,0.5081029560051378,0.0
7.249937,0.0,0.359363562288288,-0.6346558815417667,0.0,0.5079513774220846,0.0
7.259892,0.0,0.3587376686613476,-0.6348423404242258,0.0,0.5078005444944004,0.0
7.269969,0.0,0.3581032441220359,-0.635030637016344,0.0,0.5076473993219474,0.0
7.279955,0.0,0.3574747657026247,-0.6352164714211764,0.0,0.5074954339796313,0.0
7.289968,0.0,0.3568461449950748,-0.635401654698404,0.0,0.5073431788211141,0.0
7.299923,0.0,0.3562181178803192,-0.6355859719151876,0.0,0.5071908113391198,0.0
7.309871,0.0,0.3555919639422748,-0.6357690526650144,0.0,0.5070386424636857,0.0
7.319996,0.0,0.3549538983524304,-0.6359549119452574,0.0,0.5068833149317804,0.0
7.329895,0.0,0.3543302181765514,-0.6361358948918151,0.0,0.5067312308517647,0.0
7.339913,0.0,0.3536992146728378,-0.6363183137135769,0.0,0.5065770998816701,0.0
7.349916,0.0,0.35306918752411454,-0.6364997595780615,0.0,0.5064229443066449,0.0
7.360111,0.0,0.3524267395416099,-0.6366840728667895,0.0,0.5062654777460944,0.0
7.369925,0.0,0.3518083123362422,-0.6368608187025219,0.0,0.5061136383949066,0.0
7.380157,0.0,0.35116423845037426,-0.637044190213894,0.0,0.5059552294656626,0.0
7.389919,0.0,0.35054980973720856,-0.637218452816287,0.0,0.5058038513283643,0.0
7.399876,0.0,0.3499217293856293,-0.6373959131362057,0.0,0.505648845898673,0.0
7.409879,0.0,0.3492917334158296,-0.6375732308373165,0.0,0.5054930985428874,0.0
7.419864,0.0,0.348662502290338,-0.637749650370567,0.0,0.5053372700297787,0.0
7.429998,0.0,0.34802360530559334,-0.6379280824206536,0.0,0.5051787702410007,0.0
7.440037,0.0,0.3473918866233478,-0.6381038193792217,0.0,0.5050217751119017,0.0
7.449913,0.0,0.34677022257044,-0.6382760898003514,0.0,0.5048670095120722,0.0
7.459968,0.0,0.34613573364376476,-0.638451230025985,0.0,0.5047087744832148,0.0
7.469859,0.0,0.3455131617790923,-0.6386224096017382,0.0,0.504553238620875,0.0
7.479864,0.0,0.3448830507109121,-0.6387949858146769,0.0,0.5043955428602709,0.0
7.489931,0.0,0.34424898554647204,-0.6389679587630933,0.0,0.5042365755833973,0.0
7.499871,0.0,0.34362345689847074,-0.6391379289607356,0.0,0.5040794701226137,0.0
7.509924,0.0,0.3429907156621856,-0.6393091784541352,0.0,0.5039202705975042,0.0
7.519858,0.0,0.3423649978191368,-0.6394778544958282,0.0,0.5037625574234498,0.0
7.529922,0.0,0.34173153357529146,-0.6396479379040098,0.0,0.5036026060551339,0.0
7.539989,0.0,0.3410983490024731,-0.6398172620772778,0.0,0.5034424367067036,0.0
7.549977,0.0,0.3404697161380791,-0.6399846928179526,0.0,0.5032831319908052,0.0
7.559845,0.0,0.33984879677714314,-0.6401494080640101,0.0,0.5031255001946695,0.0
7.569979,0.0,0.3392113202082225,-0.6403178323960147,0.0,0.5029633723234748,0.0
7.579899,0.0,0.33858842136773215,-0.6404817369621436,0.0,0.5028046641432771,0.0
7.589859,0.0,0.33796182247979817,-0.640645948990523,0.0,0.5026447248286441,0.0
7.599904,0.0,0.33733026717615605,-0.6408107841482239,0.0,0.5024832263007738,0.0
7.609856,0.0,0.33670496325943156,-0.6409733195235424,0.0,0.5023230340782888,0.0
7.619871,0.0,0.3360760442245061,-0.6411361241562945,0.0,0.50216162096396,0.0
7.629901,0.0,0.33544741137709355,-0.6412981829940566,0.0,0.5019999844610783,0.0
7.640079,0.0,0.33480868803214164,-0.6414621554649774,0.0,0.5018354480039257,0.0
7.650024,0.0,0.3341830587471473,-0.641622094609645,0.0,0.5016739846576881,0.0
7.660027,0.0,0.33355530485631013,-0.6417819087361805,0.0,0.5015116731592176,0.0
7.669912,0.0,0.3329351996985005,-0.6419391185994461,0.0,0.501351042984585,0.0
7.679886,0.0,0.33230947126732424,-0.6420970922027787,0.0,0.5011886561663852,0.0
7.68999,0.0,0.3316761199460103,-0.6422563132601614,0.0,0.5010239826570259,0.0
7.699901,0.0,0.331055088640077,-0.642411775722786,0.0,0.5008622095800341,0.0
7.709858,0.0,0.33043157744030865,-0.6425672000974522,0.0,0.5006994873509091,0.0
7.720023,0.0,0.3297949971192767,-0.6427252010890832,0.0,0.500533039400135,0.0
7.729873,0.0,0.32917881719283315,-0.6428774830619526,0.0,0.5003716209242018,0.0
7.739893,0.0,0.3285539933455669,-0.6430312426224728,0.0,0.5002076304265906,0.0
7.749888,0.0,0.327926828689279,-0.643184911093485,0.0,0.5000427124727992,0.0
7.759876,0.0,0.3273032446332665,-0.6433370394078036,0.0,0.4998784234585951,0.0
7.770003,0.0,0.3266701696326288,-0.6434908068047671,0.0,0.49971131343080744,0.0
7.779922,0.0,0.3260502311432748,-0.6436407228958159,0.0,0.4995473563735653,0.0
7.790021,0.0,0.32542012728760855,-0.643792427134687,0.0,0.49938039014380053,0.0
7.799904,0.0,0.32480319315049655,-0.643940305842058,0.0,0.4992165987511443,0.0
7.809934,0.0,0.3241788161401718,-0.6440893086535351,0.0,0.49905051240589127,0.0
7.819874,0.0,0.3235578981188203,-0.6442368272696798,0.0,0.49888502629290965,0.0
7.829825,0.0,0.32293716417977536,-0.6443836451757677,0.0,0.49871926869147615,0.0
7.839879,0.0,0.3223119165851673,-0.6445308662096946,0.0,0.4985519800321906,0.0
7.849961,0.0,0.32168491829464513,-0.644677829367891,0.0,0.4983838928683414,0.0
7.859953,0.0,0.32106319174210635,-0.6448228938290242,0.0,0.4982168907775154,0.0
7.869923,0.0,0.320443097879502,-0.644966919217964,0.0,0.49804999994182925,0.0
7.879861,0.0,0.3198254749963274,-0.6451097168530779,0.0,0.49788344743580015,0.0
7.889845,0.0,0.3192054769178773,-0.6452524068189155,0.0,0.4977159246730681,0.0
7.900015,0.0,0.3185747083043556,-0.6453968996672167,0.0,0.4975451507963335,0.0
7.909895,0.0,0.31796427608960665,-0.6455360842739983,0.0,0.4973795535405939,0.0
7.919947,0.0,0.31733960095627894,-0.6456778541955391,0.0,0.4972097553261321,0.0
7.929876,0.0,0.3167243539565349,-0.6458168290061148,0.0,0.4970421846160115,0.0
7.939908,0.0,0.31610443505933916,-0.6459562006127086,0.0,0.4968730030568363,0.0
7.94989,0.0,0.31548607441164583,-0.6460945626764628,0.0,0.4967039064380904,0.0
7.95992,0.0,0.31486599654970854,-0.6462326471156363,0.0,0.49653399696515377,0.0
7.969865,0.0,0.31425164918103765,-0.6463688010663651,0.0,0.4963653167835066,0.0
7.980029,0.0,0.31363143981548613,-0.6465055927000902,0.0,0.4961946808648594,0.0
7.989907,0.0,0.31301514230313443,-0.6466408623922153,0.0,0.4960247746209116,0.0
7.999979,0.0,0.31239426496537115,-0.6467764720347556,0.0,0.49585325438227545,0.0
8.009916,0.0,0.3117822828283936,-0.6469094845108226,0.0,0.4956838443148024,0.0
8.019899,0.0,0.3111680271417357,-0.6470423370293925,0.0,0.4955134562513433,0.0
8.029954,0.0,0.31054995819693576,-0.6471753519215013,0.0,0.49534165581372186,0.0
8.039943,0.0,0.30993640800208905,-0.6473067362287159,0.0,0.49517075750783623,0.0
8.049947,0.0,0.3093221055217754,-0.6474376237492093,0.0,0.4949992942830904,0.0
8.059877,0.0,0.3087127199721942,-0.6475668122345766,0.0,0.49482885002562843,0.0
8.069895,0.0,0.30809883409903727,-0.6476962977541124,0.0,0.4946567889640678,0.0
8.079885,0.0,0.30748663674844723,-0.6478247693257926,0.0,0.4944848410957291,0.0
8.089889,0.0,0.30687442740030596,-0.6479525854106877,0.0,0.49431252808559656,0.0
8.099968,0.0,0.3062583353178331,-0.6480805466991417,0.0,0.49413875477535785,0.0
8.110042,0.0,0.3056428642258392,-0.6482077113067961,0.0,0.49396478628209406,0.0
8.119885,0.0,0.30504217254274407,-0.6483311776084635,0.0,0.4937946361969343,0.0
8.129978,0.0,0.30442682936332705,-0.6484569938235745,0.0,0.49361996584728796,0.0
8.139926,0.0,0.30382063586407854,-0.6485802833425809,0.0,0.4934475241679088,0.0
8.150057,0.0,0.30320400598334857,-0.6487050262419141,0.0,0.49327173604526897,0.0
8.159962,0.0,0.3026028483815546,-0.648825988119654,0.0,0.49309998978973935,0.0
8.170126,0.0,0.3019855979810897,-0.6489495179627629,0.0,0.4929232645137744,0.0
8.180094,0.0,0.30138016699908415,-0.6490700214068197,0.0,0.4927495454440069,0.0
8.189875,0.0,0.3007865851622053,-0.6491875295773402,0.0,0.49257886074376495,0.0
8.199983,0.0,0.3001739916584494,-0.6493081387858097,0.0,0.4924023272914833,0.0
8.210003,0.0,0.2995698842827262,-0.6494264166484184,0.0,0.4922278569525381,0.0
8.220004,0.0,0.29896362074932975,-0.6495444556903625,0.0,0.49205237969086474,0.0
8.229897,0.0,0.2983661750042395,-0.6496601286556175,0.0,0.4918790756836555,0.0
8.240032,0.0,0.29775470826314393,-0.6497778473233429,0.0,0.49170131245410853,0.0
8.249969,0.0,0.2971553901992176,-0.6498925689146178,0.0,0.49152669363613083,0.0
8.259917,0.0,0.2965574627803395,-0.6500063733650694,0.0,0.4913520953037464,0.0
8.269977,0.0,0.2959526513249432,-0.6501208249675874,0.0,0.4911750933064763,0.0
8.279928,0.0,0.2953549006749001,-0.6502332835043106,0.0,0.49099976629176695,0.0
8.289876,0.0,0.29475752414692824,-0.650345017534618,0.0,0.4908241576805944,0.0
8.299897,0.0,0.29415698210137403,-0.650456682801715,0.0,0.49064722155883167,0.0
8.309905,0.0,0.29355802530698594,-0.6505673915768247,0.0,0.49047035340384704,0.0
8.319968,0.0,0.2929563483870909,-0.650677935955549,0.0,0.4902922780130872,0.0
8.330023,0.0,0.2923561395698414,-0.6507875425187817,0.0,0.4901142309491009,0.0
8.339882,0.0,0.29176815785827287,-0.6508942674094038,0.0,0.48993941490856546,0.0
8.350117,0.0,0.2911581779926209,-0.6510043046106871,0.0,0.4897576413857876,0.0
8.359885,0.0,0.29057711289514915,-0.6511084792960466,0.0,0.48958408671386433,0.0
8.369872,0.0,0.2899836325945495,-0.6512142267826709,0.0,0.48940642046180616,0.0
8.379979,0.0,0.2893837161648018,-0.6513204483721204,0.0,0.4892264103308738,0.0
8.3899,0.0,0.28879558578141606,-0.6514239245929584,0.0,0.4890495267606787,0.0
8.399937,0.0,0.28820113029131333,-0.6515278490627291,0.0,0.48887032553895204,0.0
8.409874,0.0,0.28761363622862257,-0.6516298980043697,0.0,0.4886928097438439,0.0
8.420022,0.0,0.28701406667410423,-0.6517333673733038,0.0,0.48851121880502774,0.0
8.429946,0.0,0.2864288457924974,-0.6518336987801332,0.0,0.4883335552478333,0.0
8.439926,0.0,0.2858424073359107,-0.6519335809794351,0.0,0.4881551044924616,0.0
8.449917,0.0,0.2852539121225238,-0.6520331491886033,0.0,0.48797560468480433,0.0
8.459857,0.0,0.28466951690655184,-0.6521313629779679,0.0,0.48779693292375625,0.0
8.469994,0.0,0.284074841660029,-0.6522306262135433,0.0,0.48761468282993126,0.0
8.479837,0.0,0.2834978504330661,-0.652326281446538,0.0,0.487437429583229,0.0
8.489966,0.0,0.2829059890106621,-0.6524237280525365,0.0,0.4872551723865505,0.0
8.499855,0.0,0.2823278885456915,-0.6525182478491783,0.0,0.48707672356784315,0.0
8.509847,0.0,0.2817447762213302,-0.6526129228034779,0.0,0.48689629488684855,0.0
8.519844,0.0,0.28116245854763366,-0.6527068005184149,0.0,0.486715675128961,0.0
8.529895,0.0,0.2805777667020758,-0.6528003866323859,0.0,0.4865338763704028,0.0
8.540019,0.0,0.27999066796122263,-0.6528936755237422,0.0,0.4863508796605673,0.0
8.550048,0.0,0.2794081293946651,-0.6529855612918339,0.0,0.48616885573148977,0.0
8.55987,0.0,0.27883925970629553,-0.653074636233246,0.0,0.485990668382964,0.0
8.569961,0.0,0.27825600466918143,-0.6531652892789923,0.0,0.48580752599641996,0.0
8.580008,0.0,0.2776758218102458,-0.653254784727194,0.0,0.48562489373656703,0.0
8.589891,0.0,0.27710598781377427,-0.6533420209099409,0.0,0.4854450744943787,0.0
8.599921,0.0,0.276528887864851,-0.6534296971602516,0.0,0.4852625098519669,0.0
8.609911,0.0,0.2759547288425422,-0.6535162524815393,0.0,0.48508042019545644,0.0
8.619989,0.0,0.2753770279218543,-0.6536026602787062,0.0,0.48489674529484494,0.0
8.629951,0.0,0.27480592025831346,-0.6536874071705137,0.0,0.4847147076556907,0.0
8.639954,0.0,0.27423379031023865,-0.6537716302201976,0.0,0.4845318830095952,0.0
8.649851,0.0,0.2736685668903444,-0.6538541697628891,0.0,0.48435080858135665,0.0
8.65995,0.0,0.27309265734770916,-0.6539375851621777,0.0,0.4841658401442202,0.0
8.669909,0.0,0.272527406769925,-0.6540187817643579,0.0,0.48398382957025443,0.0
8.679891,0.0,0.2719591689895564,-0.6540997305120204,0.0,0.4838003885804715,0.0
8.689974,0.0,0.2713870369557815,-0.6541805451857462,0.0,0.48361521204630636,0.0
8.699983,0.0,0.27082099871664006,-0.6542598158039956,0.0,0.4834315316770162,0.0
8.709861,0.0,0.27026193943575944,-0.6543374388588628,0.0,0.4832496473863669,0.0
8.719943,0.0,0.2696936118608157,-0.6544156628997106,0.0,0.48306426657020185,0.0
8.729927,0.0,0.2691313994159695,-0.6544923616583486,0.0,0.4828803992425418,0.0
8.739885,0.0,0.2685708975594329,-0.6545681470164321,0.0,0.48269661107924366,0.0
8.749951,0.0,0.268005825892889,-0.6546438596123366,0.0,0.4825108350983896,0.0
8.760016,0.0,0.26744388728861923,-0.6547184613624939,0.0,0.4823255978719277,0.0
8.770007,0.0,0.2668842762622311,-0.6547920658630306,0.0,0.48214063700550575,0.0
8.779938,0.0,0.2663299790959122,-0.6548642910072295,0.0,0.4819569455458442,0.0
8.789932,0.0,0.26577215872081217,-0.6549362881312321,0.0,0.4817715932376493,0.0
8.799936,0.0,0.26521513348011216,-0.6550074913343089,0.0,0.4815860072471906,0.0
8.810022,0.0,0.26465512226059834,-0.6550783762682706,0.0,0.4813989206506416,0.0
8.819873,0.0,0.2641091248793585,-0.6551468081511906,0.0,0.48121602341497316,0.0
8.829878,0.0,0.2635556133140054,-0.6552154937154091,0.0,0.48103010873083846,0.0
8.839905,0.0,0.26300264280396995,-0.6552834167000458,0.0,0.48084386848488464,0.0
8.849906,0.0,0.2624513171342443,-0.655350441932317,0.0,0.4806576731290993,0.0
8.859911,0.0,0.2619006160986541,-0.6554166939747084,0.0,0.48047117690700025,0.0
8.870216,0.0,0.2613352000393949,-0.6554839872646696,0.0,0.4802791605658243,0.0
8.880054,0.0,0.2607962965375894,-0.655547433821279,0.0,0.48009563728221083,0.0
8.889991,0.0,0.26025301926385597,-0.6556107085296361,0.0,0.47991011564391567,0.0
8.899911,0.0,0.2597122378592535,-0.6556730039169243,0.0,0.47972493452346815,0.0
8.909971,0.0,0.25916445656446224,-0.6557354012447432,0.0,0.4795368313042332,0.0
8.919859,0.0,0.2586267461126165,-0.6557959579588938,0.0,0.4793516678219403,0.0
8.929916,0.0,0.2580814678851615,-0.6558566612947568,0.0,0.4791633691141312,0.0
8.939909,0.0,0.2575410055976103,-0.655916123196896,0.0,0.4789762029387717,0.0
8.949914,0.0,0.25700178880218477,-0.6559747441887838,0.0,0.478788937032406,0.0
8.959909,0.0,0.2564619105472544,-0.6560327285293497,0.0,0.4786009052318694,0.0
8.969992,0.0,0.2559199078882793,-0.6560902235448117,0.0,0.47841158899154923,0.0
8.980053,0.0,0.2553832243730203,-0.6561464416407065,0.0,0.4782235881993067,0.0
8.990001,0.0,0.25484752274817307,-0.656201845320895,0.0,0.4780353881438527,0.0
8.999874,0.0,0.2543199569413688,-0.6562557084922143,0.0,0.4778495110861942,0.0
9.009951,0.0,0.25378285035427417,-0.6563098286441964,0.0,0.4776597219033055,0.0
9.020001,0.0,0.2532483578342938,-0.6563629626061589,0.0,0.47747029983033556,0.0
9.029896,0.0,0.2527231027177396,-0.6564144713616832,0.0,0.47728360554139004,0.0
9.039959,0.0,0.25219044678200037,-0.6564659856449088,0.0,0.4770937229606223,0.0
9.049848,0.0,0.2516680725073316,-0.6565157966254334,0.0,0.476906955031942,0.0
9.059959,0.0,0.25113516418427106,-0.6565658839319397,0.0,0.47671585370528713,0.0
9.069958,0.0,0.25060939544124017,-0.656614574744202,0.0,0.4765267460656969,0.0
9.079855,0.0,0.2500899033862992,-0.6566619718593881,0.0,0.4763393380765049,0.0
9.089857,0.0,0.2495665182861668,-0.656709003253443,0.0,0.4761499595183125,0.0
9.099919,0.0,0.24904065972352987,-0.6567555232424191,0.0,0.47595910823317494,0.0
9.109918,0.0,0.248520272232655,-0.656800830316637,0.0,0.47576966700730566,0.0
9.11988,0.0,0.24800260665036084,-0.6568451760239472,0.0,0.47558064311352904,0.0
9.129893,0.0,0.24748354183254295,-0.6568889111428017,0.0,0.47539052838211976,0.0
9.139857,0.0,0.2469687138360187,-0.6569315617171861,0.0,0.4752013862848828,0.0
9.149961,0.0,0.24644667322408015,-0.6569740646934136,0.0,0.47500899962515386,0.0
9.15993,0.0,0.2459350870847055,-0.6570149833878318,0.0,0.4748198790404065,0.0
9.169869,0.0,0.24542327443221668,-0.6570551887952772,0.0,0.47463008784740124,0.0
9.179884,0.0,0.24491084538218566,-0.6570947044349238,0.0,0.4744394742170346,0.0
9.189873,0.0,0.24440076012485007,-0.6571333004028926,0.0,0.4742491364238815,0.0
9.199973,0.0,0.24388578131047595,-0.6571715132299512,0.0,0.47405636333563955,0.0
9.209908,0.0,0.24338084814434632,-0.6572082401648682,0.0,0.47386675030613323,0.0
9.219878,0.0,0.24287560224935967,-0.6572442504749757,0.0,0.4736764188535272,0.0
9.229938,0.0,0.24236666657637362,-0.6572797703951435,0.0,0.47348408350116133,0.0
9.239982,0.0,0.24186016536745353,-0.6573143639733293,0.0,0.4732920501937854,0.0
9.249891,0.0,0.24136221036195127,-0.6573476325661094,0.0,0.4731026499406828,0.0
9.259938,0.0,0.24085809872452174,-0.6573805580162432,0.0,0.4729102885087709,0.0
9.269921,0.0,0.24035901510630525,-0.6574124014510758,0.0,0.4727192253971716,0.0
9.279917,0.0,0.2398597140282481,-0.6574435025125923,0.0,0.47252745503691573,0.0
9.289894,0.0,0.2393632544502508,-0.657473670661552,0.0,0.47233615078050983,0.0
9.29987,0.0,0.2388681870742986,-0.6575029976148923,0.0,0.4721447556554649,0.0
9.309935,0.0,0.23837041399841802,-0.6575317169579661,0.0,0.4719516762532992,0.0
9.320008,0.0,0.2378732378141941,-0.6575596269850692,0.0,0.4717581827740187,0.0
9.329952,0.0,0.23738297045782236,-0.6575863845832688,0.0,0.47156673955023465,0.0
9.339886,0.0,0.23689570284272343,-0.6576122199646486,0.0,0.4713758327148542,0.0
9.349851,0.0,0.23640797306793088,-0.6576373163208105,0.0,0.47118410412472606,0.0
9.359951,0.0,0.23591546311891964,-0.657661876973994,0.0,0.47098983898570135,0.0
9.369853,0.0,0.23543334951251932,-0.6576851519576334,0.0,0.47079902777796834,0.0
9.379959,0.0,0.2349444818350786,-0.6577079713118419,0.0,0.47060488291746866,0.0
9.389943,0.0,0.23446002036334432,-0.6577298017890703,0.0,0.4704118245826975,0.0
9.399885,0.0,0.2339805101082995,-0.6577506347458171,0.0,0.4702200819411489,0.0
9.409871,0.0,0.23350020093333237,-0.6577707233141177,0.0,0.47002735698746206,0.0
9.419964,0.0,0.2330164644669138,-0.6577901601673424,0.0,0.4698325788761568,0.0
9.429885,0.0,0.23254213515254607,-0.6578084373958385,0.0,0.46964092058703605,0.0
9.439932,0.0,0.2320634513389691,-0.6578260907278909,0.0,0.46944682471805393,0.0
9.449888,0.0,0.23159004701230326,-0.6578427601269564,0.0,0.4692541920866373,0.0
9.459905,0.0,0.23111563461118917,-0.6578586704994754,0.0,0.4690604657414615,0.0
9.469901,0.0,0.2306435901180061,-0.6578737048149836,0.0,0.46886701949532456,0.0
9.479878,0.0,0.23017368636013608,-0.6578878744152687,0.0,0.4686737623062463,0.0
9.489899,0.0,0.22970342815916964,-0.657901251683329,0.0,0.4684796640227939,0.0
9.499905,0.0,0.22923539689483924,-0.6579137605022427,0.0,0.46828578629131606,0.0
9.510014,0.0,0.2287644141250586,-0.6579255297146048,0.0,0.4680899741822151,0.0
9.519894,0.0,0.22830439575933184,-0.6579362247873599,0.0,0.46789802328400765,0.0
9.53009,0.0,0.22783218138144656,-0.657946373019706,0.0,0.46770025824859845,0.0
9.539883,0.0,0.2273793339317645,-0.6579553072310422,0.0,0.46750990602375664,0.0
9.550007,0.0,0.22691337505504125,-0.6579636767902988,0.0,0.46731332052869845,0.0
9.560046,0.0,0.2264525467030824,-0.6579711248135813,0.0,0.46711817083172413,0.0
9.570011,0.0,0.22599681543039812,-0.6579776712496096,0.0,0.4669244583527424,0.0
9.579945,0.0,0.22554394118729829,-0.6579833616187138,0.0,0.46673124124107696,0.0
9.589888,0.0,0.2250921796976021,-0.6579882204560689,0.0,0.46653777617938125,0.0
9.599935,0.0,0.22463717758122723,-0.6579922804738508,0.0,0.46634218491373247,0.0
9.610045,0.0,0.22418072334442243,-0.6579955041943003,0.0,0.46614521571537054,0.0
9.619954,0.0,0.22373506193637743,-0.6579978225716948,0.0,0.46595216655235944,0.0
9.630005,0.0,0.2232844710728067,-0.6579993251188369,0.0,0.4657562323388341,0.0
9.639962,0.0,0.22284001828504324,-0.657999969696823,0.0,0.4655622195611298,0.0
9.64992,0.0,0.2223967415208333,-0.6579997754263402,0.0,0.46536797139329356,0.0
9.660019,0.0,0.22194888661221335,-0.6579987211398298,0.0,0.46517094816336013,0.0
9.670028,0.0,0.22150786347300175,-0.6579968311630844,0.0,0.46497616567790423,0.0
9.679961,0.0,0.22106943330457657,-0.6579941055109975,0.0,0.46478176672016164,0.0
9.689942,0.0,0.2206309113130251,-0.6579905256227243,0.0,0.4645865577486516,0.0
9.7,0.0,0.22019209001104703,-0.6579860793573287,0.0,0.46439043554556186,0.0
9.709894,0.0,0.2197598990864087,-0.6579808462782846,0.0,0.4641965042209291,0.0
9.720025,0.0,0.2193200060531351,-0.6579746400057492,0.0,0.4639983194803163,0.0
9.730085,0.0,0.2188856873407,-0.65796763174293,0.0,0.4638018467004731,0.0
9.739931,0.0,0.21846113109922502,-0.6579599257699053,0.0,0.4636090123951123,0.0
9.749919,0.0,0.2180322437754337,-0.6579512730152912,0.0,0.4634134199680957,0.0
9.760039,0.0,0.21760026103255575,-0.6579416657387464,0.0,0.46321560174121823,0.0
9.769951,0.0,0.2171772617327887,-0.6579313807464368,0.0,0.4630210950509416,0.0
9.780025,0.0,0.21674980684799428,-0.657920095134538,0.0,0.4628237223658704,0.0
9.789894,0.0,0.2163324403033126,-0.6579082003834859,0.0,0.4626302046702416,0.0
9.799891,0.0,0.2159114386399226,-0.6578953154037195,0.0,0.462434186698426,0.0
9.809946,0.0,0.2154897857049986,-0.6578815074310008,0.0,0.4622370341838443,0.0
9.819929,0.0,0.21507268928619397,-0.6578669489141701,0.0,0.46204118249233483,0.0
9.830086,0.0,0.21465134179564996,-0.6578513224648183,0.0,0.4618424853198326,0.0
9.840006,0.0,0.21424003477179268,-0.6578351661632722,0.0,0.46164768825851027,0.0
9.849924,0.0,0.2138293731511757,-0.6578181351474026,0.0,0.4614523627584922,0.0
9.85995,0.0,0.21341697013345004,-0.6578001157643064,0.0,0.4612553585960326,0.0
9.869985,0.0,0.21300587915505137,-0.6577812287079492,0.0,0.461058121190665,0.0
9.879893,0.0,0.21260184912979768,-0.6577617550010687,0.0,0.46086342316240864,0.0
9.889902,0.0,0.21219554224648599,-0.657741249341218,0.0,0.4606667677854591,0.0
9.899908,0.0,0.2117908826905817,-0.6577198960592342,0.0,0.4604700402297828,0.0
9.909918,0.0,0.2113875141890253,-0.6576976747065483,0.0,0.46027306437752163,0.0
9.919906,0.0,0.2109868193053421,-0.6576746633490698,0.0,0.46007651578560577,0.0
9.929959,0.0,0.21058552989610543,-0.6576506694831641,0.0,0.4598787854765828,0.0
9.939925,0.0,0.21018909315457765,-0.6576260217206428,0.0,0.4596825588642805,0.0
9.949906,0.0,0.20979432677379126,-0.6576005332159522,0.0,0.4594862697844195,0.0
9.959909,0.0,0.20939958449474638,-0.6575740913327177,0.0,0.4592890923466741,0.0
9.970154,0.0,0.2089974594145604,-0.6575461598919817,0.0,0.4590872875851548,0.0
9.979876,0.0,0.20861750175998833,-0.6575188331121058,0.0,0.45889572319812383,0.0
9.989911,0.0,0.20822721220108886,-0.6574898045168293,0.0,0.45869804178623247,0.0
9.999959,0.0,0.20783782817077706,-0.657459861970723,0.0,0.45849988835496824,0.0
10.010069,0.0,0.20745046555079416,-0.6574290889412837,0.0,0.45830182718997453,0.0
10.019863,0.0,0.20707200401054915,-0.6573980602218523,0.0,0.4581074014438435,0.0
10.029869,0.0,0.2066897777532964,-0.657365743588173,0.0,0.4579101089402014,0.0
10.039906,0.0,0.20630865295558415,-0.6573325265532748,0.0,0.4577124373346025,0.0
10.050031,0.0,0.20592815598257147,-0.657298360590282,0.0,0.4575141327251913,0.0
10.059896,0.0,0.20555322477259172,-0.6572636995129147,0.0,0.4573177772708516,0.0
10.069862,0.0,0.20517951486421693,-0.6572281545477228,0.0,0.45712110672437234,0.0
10.080014,0.0,0.20480052192974896,-0.6571910760215616,0.0,0.45692066702900275,0.0
10.090033,0.0,0.20442844924937642,-0.6571536497353926,0.0,0.45672290309313907,0.0
10.099974,0.0,0.20406118037221385,-0.6571156962385125,0.0,0.4565267207988361,0.0
10.109903,0.0,0.20369571650228413,-0.6570769181514475,0.0,0.45633052904964977,0.0
10.120025,0.0,0.20332569719603355,-0.657036613865706,0.0,0.4561308863260117,0.0
10.129938,0.0,0.2029640300707234,-0.6569961901224496,0.0,0.455934756358806,0.0
10.139857,0.0,0.20260446525444756,-0.6569549775346418,0.0,0.45573877676722707,0.0
10.149847,0.0,0.20224394979080132,-0.6569126155868744,0.0,0.4555412720350392,0.0
10.159874,0.0,0.2018840550099532,-0.6568692715904831,0.0,0.45534308494397024,0.0
10.169918,0.0,0.20152564112167473,-0.6568250421558947,0.0,0.45514468113036577,0.0
10.179946,0.0,0.20116928951366286,-0.6567799983268074,0.0,0.45494638045837044,0.0
10.189986,0.0,0.20081468070065178,-0.6567341001435337,0.0,0.4547480042693368,0.0
10.199973,0.0,0.20046348906450384,-0.6566875709587139,0.0,0.4545504944303408,0.0
10.209885,0.0,0.20011667211922976,-0.6566405564866545,0.0,0.4543544065623848,0.0
10.219868,0.0,0.19976935590653622,-0.6565923968781293,0.0,0.45415698455818904,0.0
10.229948,0.0,0.1994208224966465,-0.6565429670724521,0.0,0.4539577941575806,0.0
10.239857,0.0,0.19907938952223284,-0.6564934569891845,0.0,0.45376159779174413,0.0
10.249873,0.0,0.1987363923378118,-0.656442618789615,0.0,0.45356342368763675,0.0
10.259856,0.0,0.19839649238687349,-0.6563911327734521,0.0,0.45336595346296465,0.0
10.27002,0.0,0.19805247084795902,-0.6563378816441111,0.0,0.45316496857729804,0.0
10.279919,0.0,0.19771892683694495,-0.6562851381058026,0.0,0.45296900959208397,0.0
10.289925,0.0,0.1973837842765052,-0.6562310181266262,0.0,0.4527710056428127,0.0
10.30006,0.0,0.19704611739130712,-0.6561753319188907,0.0,0.45257036886709257,0.0
10.309879,0.0,0.19672078599515067,-0.6561205611098918,0.0,0.45237595811632725,0.0
10.319844,0.0,0.19639241853875636,-0.6560641463872483,0.0,0.4521786146482058,0.0
10.330067,0.0,0.19605767367672408,-0.6560054440936396,0.0,0.4519762603880897,0.0
10.339957,0.0,0.19573623392587572,-0.6559479224527424,0.0,0.451780808686489,0.0
10.349878,0.0,0.1954147715045211,-0.6558892473298479,0.0,0.4515842047159224,0.0
10.359885,0.0,0.19509288017986057,-0.6558293216554261,0.0,0.4513861761265825,0.0
10.369866,0.0,0.1947734462751281,-0.655768672941235,0.0,0.451188487650549,0.0
10.379869,0.0,0.19445531785517078,-0.6557070820123545,0.0,0.4509904247260849,0.0
10.389851,0.0,0.19413968714986327,-0.6556447794407607,0.0,0.4507927281804225,0.0
10.399887,0.0,0.19382437874158098,-0.6555813298020562,0.0,0.45059402824794154,0.0
10.410125,0.0,0.1935049651234824,-0.6555157970619783,0.0,0.4503914886916847,0.0
10.419959,0.0,0.19319957735852025,-0.6554519365928847,0.0,0.4501966405834283,0.0
10.429993,0.0,0.1928901417268905,-0.6553860049702653,0.0,0.44999798700328153,0.0
10.439895,0.0,0.1925867372497285,-0.6553201387519006,0.0,0.44980198642843455,0.0
10.449877,0.0,0.19228260270972505,-0.6552528787302615,0.0,0.4496042785047585,0.0
10.460019,0.0,0.19197570277737538,-0.6551837290299278,0.0,0.44940349316303735,0.0
10.46988,0.0,0.1916791162341944,-0.6551156593119103,0.0,0.44920820869943845,0.0
10.479872,0.0,0.19138069440591737,-0.6550459100850634,0.0,0.44901045360813535,0.0
10.48988,0.0,0.19108355630588894,-0.654975181983337,0.0,0.4488122651590082,0.0
10.499852,0.0,0.1907892943076329,-0.6549038555338984,0.0,0.4486147057994229,0.0
10.509856,0.0,0.19049631566180106,-0.654831546086609,0.0,0.4484167064775266,0.0
10.519939,0.0,0.1902031965785396,-0.6547578833430902,0.0,0.44821728480859696,0.0
10.530018,0.0,0.18991188035646744,-0.6546833397766814,0.0,0.4480177457406291,0.0
10.539979,0.0,0.18962582473538017,-0.6546088213250558,0.0,0.44782047784727025,0.0
10.549984,0.0,0.1893405201786612,-0.6545331673165301,0.0,0.44762238435053786,0.0
10.559991,0.0,0.18905724036889884,-0.6544567070490814,0.0,0.44742433994473074,0.0
10.570006,0.0,0.1887758733855173,-0.6543794099190087,0.0,0.44722626485687517,0.0
10.579969,0.0,0.18849745632948,-0.6543015671804049,0.0,0.44702889447269284,0.0
10.589926,0.0,0.18822153030620634,-0.6542230612415065,0.0,0.4468319132110579,0.0
10.599867,0.0,0.18794816479871926,-0.6541439199197804,0.0,0.44663537772960554,0.0
10.609905,0.0,0.1876737601503831,-0.654063082349298,0.0,0.4464366799631885,0.0
10.61995,0.0,0.18740144724229443,-0.6539814480228385,0.0,0.44623806271735716,0.0
10.62992,0.0,0.1871328301426505,-0.653899511483927,0.0,0.44604070872962553,0.0
10.639877,0.0,0.1868668396116045,-0.6538169647705006,0.0,0.445843849813503,0.0
10.649965,0.0,0.18659914240753817,-0.6537324379072171,0.0,0.44564425221422366,0.0
10.659851,0.0,0.18633881697843302,-0.6536488109133406,0.0,0.4454486975172512,0.0
10.66995,0.0,0.18607523889469582,-0.653562671088646,0.0,0.44524920392546,0.0
10.67987,0.0,0.1858179860584971,-0.6534771406375225,0.0,0.4450530114735499,0.0
10.689941,0.0,0.1855592148525295,-0.6533896178674149,0.0,0.4448541434278075,0.0
10.699899,0.0,0.18530479897791174,-0.653302078883949,0.0,0.4446571019743328,0.0
10.709908,0.0,0.18505137501380944,-0.6532133775312255,0.0,0.444459292478994,0.0
10.719898,0.0,0.18480028757080622,-0.6531239777599097,0.0,0.44426175658684486,0.0
10.729914,0.0,0.18455084450977674,-0.6530336321104855,0.0,0.44406394766784724,0.0
10.739968,0.0,0.18430235327658678,-0.652942075653724,0.0,0.443865301037802,0.0
10.7499,0.0,0.18405904139016374,-0.6528508852605921,0.0,0.4436692148791687,0.0
10.759986,0.0,0.18381384684503307,-0.6527574061229764,0.0,0.44346998857893205,0.0
10.7699,0.0,0.18357482881079476,-0.6526647128366838,0.0,0.44327417149890647,0.0
10.779857,0.0,0.18333673378187582,-0.6525707976515552,0.0,0.4430774890096322,0.0
10.789935,0.0,0.18309795988844466,-0.6524749897136402,0.0,0.4428785767780299,0.0
10.799885,0.0,0.18286426423795346,-0.6523796019807246,0.0,0.44268223277394214,0.0
10.809873,0.0,0.18263172070821784,-0.6522830537857776,0.0,0.4424851798317515,0.0
10.819946,0.0,0.18239932032332995,-0.652184895923401,0.0,0.44228653077726165,0.0
10.82991,0.0,0.182171600627279,-0.6520870523223417,0.0,0.4420901707964633,0.0
10.839867,0.0,0.18194563130378347,-0.6519882890939723,0.0,0.4418935980197483,0.0
10.849916,0.0,0.18171987360652753,-0.6518879091535157,0.0,0.44169544756807066,0.0
10.859907,0.0,0.18149760215178823,-0.6517873632842139,0.0,0.44149858721802876,0.0
10.870068,0.0,0.18127355586816138,-0.6516842420656707,0.0,0.44129832586717216,0.0
10.87993,0.0,0.1810579980582079,-0.651583299788969,0.0,0.44110386766823545,0.0
10.889977,0.0,0.18084066525691486,-0.6514797606562186,0.0,0.4409059841931068,0.0
10.900044,0.0,0.18062584484790248,-0.6513756250730106,0.0,0.4407085346169367,0.0
10.909908,0.0,0.18041572768722816,-0.651271993396058,0.0,0.44051357128025276,0.0
10.920069,0.0,0.18020210267778258,-0.6511647767542568,0.0,0.44031343385349725,0.0
10.929877,0.0,0.17999800627680612,-0.6510605426429164,0.0,0.440120360219023,0.0
10.939919,0.0,0.1797911365620932,-0.6509530422424507,0.0,0.43992274697338224,0.0
10.949958,0.0,0.17958631535182806,-0.6508447146935822,0.0,0.4397251302972343,0.0
10.959967,0.0,0.1793848038113369,-0.6507362428438113,0.0,0.4395287424335655,0.0
10.969897,0.0,0.17918620536234625,-0.6506274419138056,0.0,0.4393332256872366,0.0
10.979902,0.0,0.17898836352518901,-0.6505171227657129,0.0,0.4391364480761443,0.0
10.989978,0.0,0.17879123545020856,-0.6504052204895773,0.0,0.43893832344968786,0.0
10.999858,0.0,0.17860026879633517,-0.650294867985537,0.0,0.4387443680892905,0.0
11.009901,0.0,0.1784077929264286,-0.6501816389786856,0.0,0.4385467969069565,0.0
11.020039,0.0,0.17821595392799155,-0.6500667146127282,0.0,0.438347727299377,0.0
11.029855,0.0,0.1780323360065614,-0.649954713444955,0.0,0.438155106505296,0.0
11.039908,0.0,0.17784658073610038,-0.649839347427115,0.0,0.43795809877415803,0.0
11.049854,0.0,0.1776644391989268,-0.6497241427854846,0.0,0.43776275523705604,0.0
11.059899,0.0,0.17748280225782723,-0.649607130405768,0.0,0.4375657377829579,0.0
11.070091,0.0,0.17730120589591575,-0.649487944245875,0.0,0.43736647225445274,0.0
11.079869,0.0,0.17712813836533592,-0.6493722341238247,0.0,0.4371743539779991,0.0
11.090104,0.0,0.17694950509474622,-0.6492505506508607,0.0,0.43697370886644826,0.0
11.100032,0.0,0.17677836208813313,-0.6491317434466413,0.0,0.43677915492477193,0.0
11.109872,0.0,0.17661095324582377,-0.6490133411000807,0.0,0.43658656331151857,0.0
11.119872,0.0,0.1764427565211199,-0.6488921200032499,0.0,0.43639070443246203,0.0
11.129984,0.0,0.1762747908614241,-0.6487687154145781,0.0,0.4361926604447917,0.0
11.139881,0.0,0.17611297251943797,-0.6486475186134029,0.0,0.43599945274987634,0.0
11.149991,0.0,0.17594981150646682,-0.6485229302862916,0.0,0.43580214848312404,0.0
11.159847,0.0,0.17579198875616894,-0.6484000467260155,0.0,0.4356088203278501,0.0
11.169906,0.0,0.17563368904009216,-0.6482743526593037,0.0,0.4354123570605795,0.0
11.180017,0.0,0.17547656088604419,-0.6481470720029283,0.0,0.43521471479956947,0.0
11.189954,0.0,0.17532444484826132,-0.6480213610084422,0.0,0.4350207708086399,0.0
11.199944,0.0,0.17517357925776017,-0.6478941592956202,0.0,0.4348257787649219,0.0
11.209853,0.0,0.1750260515435788,-0.647767235479869,0.0,0.43463244481625807,0.0
11.219948,0.0,0.17487799539679266,-0.6476372237344524,0.0,0.43443565997871153,0.0
11.229988,0.0,0.1747326970976671,-0.6475069532721854,0.0,0.4342397320248524,0.0
11.2399,0.0,0.17459154713860628,-0.6473777429560731,0.0,0.43404661076885603,0.0
11.249912,0.0,0.17445102803769288,-0.6472463861296543,0.0,0.43385149668325257,0.0
11.259843,0.0,0.17431372772496903,-0.6471152895179358,0.0,0.43365796927590816,0.0
11.269932,0.0,0.17417668688302423,-0.6469816012246724,0.0,0.4334618289194346,0.0
11.279891,0.0,0.17404332476887355,-0.6468486451799929,0.0,0.43326795636375787,0.0
11.289898,0.0,0.1739115404882341,-0.6467143566038687,0.0,0.43307332783348595,0.0
11.299882,0.0,0.1737824348203448,-0.6465798554463779,0.0,0.43287956639045505,0.0
11.309881,0.0,0.17365478793338907,-0.646443864057119,0.0,0.4326848333161197,0.0
11.319916,0.0,0.17352917639137258,-0.6463069662664183,0.0,0.4324899754264356,0.0
11.329921,0.0,0.1734060475154086,-0.646169655739856,0.0,0.4322956922909552,0.0
11.339929,0.0,0.17328516415420522,-0.6460316825600197,0.0,0.4321016241940976,0.0
11.349924,0.0,0.17316650327566344,-0.6458930254415213,0.0,0.4319077386196034,0.0
11.359921,0.0,0.17304989050785596,-0.6457534775263912,0.0,0.43171374659807654,0.0
11.369883,0.0,0.17293591395206104,-0.6456137575985613,0.0,0.4315206414733275,0.0
11.379954,0.0,0.17282281930313242,-0.6454716770379951,0.0,0.4313254101686392,0.0
11.389926,0.0,0.17271312005157197,-0.6453303903010492,0.0,0.43113238744882526,0.0
11.400117,0.0,0.1726040587777063,-0.6451863277190074,0.0,0.4309367014556577,0.0
11.409986,0.0,0.17249882460023486,-0.6450437073631325,0.0,0.43074407932079267,0.0
11.420015,0.0,0.17239511547150563,-0.6448994597867846,0.0,0.4305503596647445,0.0
11.430046,0.0,0.1722934247156341,-0.64475422637495,0.0,0.43035641606975045,0.0
11.4399,0.0,0.17219573966230783,-0.6446109417697692,0.0,0.43016613947737,0.0
11.449978,0.0,0.17209790717585963,-0.6444634835794015,0.0,0.4299714072205902,0.0
11.459883,0.0,0.17200396235451598,-0.6443178986307391,0.0,0.42978021333158517,0.0
11.469893,0.0,0.17191129834797497,-0.6441701986291559,0.0,0.4295873059391239,0.0
11.479879,0.0,0.17182091521150364,-0.6440219247897274,0.0,0.4293947105725058,0.0
11.489866,0.0,0.1717327087016083,-0.6438729124844456,0.0,0.4292022110927274,0.0
11.499941,0.0,0.17164594722534468,-0.6437218675586003,0.0,0.42900814876573784,0.0
11.509948,0.0,0.17156203388902688,-0.6435712249934681,0.0,0.42881565309689107,0.0
11.51989,0.0,0.1714807722865902,-0.6434207250679371,0.0,0.4286243707363738,0.0
11.530062,0.0,0.17139982835701642,-0.6432659165962206,0.0,0.4284286713654751,0.0
11.540002,0.0,0.17132300338512235,-0.643114074907153,0.0,0.42823775019707777,0.0
11.549893,0.0,0.17124860670034672,-0.6429620696317284,0.0,0.4280476277320975,0.0
11.559916,0.0,0.17117548252077605,-0.6428074724457844,0.0,0.4278552790999035,0.0
11.570013,0.0,0.17110408202591484,-0.642651084040197,0.0,0.4276617287599675,0.0
11.579858,0.0,0.17103654100411866,-0.6424977250553858,0.0,0.4274729161654589,0.0
11.589987,0.0,0.17096927086772662,-0.6423392100744626,0.0,0.4272787694157242,0.0
11.599866,0.0,0.17090579889325763,-0.6421838160295662,0.0,0.4270894311684759,0.0
11.609889,0.0,0.1708436315694192,-0.6420255359259468,0.0,0.42689756567080345,0.0
11.619967,0.0,0.170783355726152,-0.6418656824083403,0.0,0.42670479179238796,0.0
11.629978,0.0,0.1707259077597316,-0.6417067898447605,0.0,0.42651415749400445,0.0
11.639925,0.0,0.17067056843225453,-0.6415469622884865,0.0,0.4263233739791056,0.0
11.650072,0.0,0.17061655510796808,-0.6413837478691304,0.0,0.4261295401611259,0.0
11.659884,0.0,0.1705664936792772,-0.6412252706290597,0.0,0.4259422786397659,0.0
11.669971,0.0,0.1705172319874594,-0.6410616233489257,0.0,0.42574987312149015,0.0
11.679968,0.0,0.17047060362253538,-0.640898670389254,0.0,0.425559244955389,0.0
11.68987,0.0,0.17042662422281465,-0.6407367058154729,0.0,0.42537071034987545,0.0
11.699989,0.0,0.17038385400936673,-0.6405702598308987,0.0,0.42517791955203976,0.0
11.709908,0.0,0.17034416336966957,-0.6404065852778968,0.0,0.4249892753802918,0.0
11.720001,0.0,0.17030597889888704,-0.6402392411379063,0.0,0.4247973490074123,0.0
11.729933,0.0,0.17027065156200347,-0.6400741458412861,0.0,0.42460892782775,0.0
11.739853,0.0,0.17023742382412135,-0.639908018275994,0.0,0.42442024462633676,0.0
11.749891,0.0,0.17020605368907465,-0.6397394287126335,0.0,0.4242296922858819,0.0
11.759898,0.0,0.1701770129061577,-0.6395707875614723,0.0,0.4240400037713404,0.0
11.769971,0.0,0.1701499986988529,-0.6394002749462698,0.0,0.4238491356319951,0.0
11.779945,0.0,0.17012543566647703,-0.63923062118604,0.0,0.4236601403740521,0.0
11.789981,0.0,0.17010296211195441,-0.639059430279901,0.0,0.42347034239889386,0.0
11.799877,0.0,0.17008295318643155,-0.6388897706785133,0.0,0.42328313219053265,0.0
11.809973,0.0,0.17006478495950597,-0.6387161818313782,0.0,0.4230924916076589,0.0
11.819919,0.0,0.1700490533046513,-0.6385441735455464,0.0,0.42290447863911484,0.0
11.829887,0.0,0.1700354942793206,-0.6383713162251945,0.0,0.42271642064772214,0.0
11.840172,0.0,0.17002381382253218,-0.6381925099524852,0.0,0.4225228102110662,0.0
11.849861,0.0,0.17001489468586828,-0.6380225224653165,0.0,0.42233960505179513,0.0
11.860033,0.0,0.17000778977251635,-0.6378438820011303,0.0,0.42214796236948565,0.0
11.870029,0.0,0.17000303372592623,-0.637667741066979,0.0,0.42195988148927843,0.0
11.879898,0.0,0.17000049831507313,-0.6374931792428361,0.0,0.42177433857935864,0.0
11.890021,0.0,0.17000012684332017,-0.6373135060356058,0.0,0.42158423752793334,0.0
11.899942,0.0,0.17000195506397883,-0.6371365319571259,0.0,0.421397849255118,0.0
11.909866,0.0,0.17000595738378568,-0.6369588067434071,0.0,0.4212115154891876,0.0
11.920056,0.0,0.1700122533093104,-0.6367774664184709,0.0,0.4210222544423672,0.0
11.929856,0.0,0.17002060859676696,-0.6365989594875809,0.0,0.4208367916973269,0.0
11.939856,0.0,0.17003124328407862,-0.6364179362151889,0.0,0.42064955667573123,0.0
11.949924,0.0,0.17004416070312944,-0.6362352125042199,0.0,0.4204614127022233,0.0
11.959872,0.0,0.17005916031450816,-0.6360534655255348,0.0,0.42027511143251567,0.0
11.970125,0.0,0.17007686391590293,-0.6358659067884566,0.0,0.4200837176530099,0.0
11.980052,0.0,0.17009623482928304,-0.635683406354216,0.0,0.41989831900870284,0.0
11.989887,0.0,0.17011754189936326,-0.6355021719696349,0.0,0.4197150105702479,0.0
11.999861,0.0,0.1701413472309326,-0.6353175397621761,0.0,0.4195290799351857,0.0
12.00994,0.0,0.17016764887646044,-0.635130162320827,0.0,0.41934121565729515,0.0
12.019845,0.0,0.17019566156666707,-0.6349454782242823,0.0,0.41915686145428643,0.0
12.029912,0.0,0.1702263243539637,-0.6347572416405751,0.0,0.4189697789171402,0.0
12.039913,0.0,0.1702590093696515,-0.6345694859888057,0.0,0.41878398752323287,0.0
12.049883,0.0,0.17029376452614967,-0.6343817589023083,0.0,0.418599027201821,0.0
12.06,0.0,0.17033132362761222,-0.6341903076583754,0.0,0.418411215133976,0.0
12.070058,0.0,0.17037086529678072,-0.6339994681222024,0.0,0.4182248155681946,0.0
12.079978,0.0,0.1704120591612432,-0.6338105303606939,0.0,0.4180410637000216,0.0
12.089874,0.0,0.1704552711805991,-0.6336215787341661,0.0,0.4178580760303431,0.0
12.100003,0.0,0.17050175036653467,-0.6334274251536947,0.0,0.41767085186905967,0.0
12.109872,0.0,0.1705491542902489,-0.6332378116487268,0.0,0.41748878112941323,0.0
12.1199,0.0,0.17059963544019946,-0.6330440209807462,0.0,0.4173034825215464,0.0
12.129912,0.0,0.17065215997794642,-0.6328501970493181,0.0,0.41711893546133444,0.0
12.139921,0.0,0.1707068970923075,-0.6326556810430818,0.0,0.4169345086067245,0.0
12.149904,0.0,0.17076368635774938,-0.6324610169236762,0.0,0.41675071441649947,0.0
12.159885,0.0,0.1708226524874695,-0.6322657477848939,0.0,0.41656711774466365,0.0
12.169872,0.0,0.17088380911750506,-0.6320698261051093,0.0,0.41638367318639075,0.0
12.17999,0.0,0.17094803091518349,-0.6318705800955401,0.0,0.4161978942689753,0.0
12.189909,0.0,0.171013173315637,-0.6316746045372515,0.0,0.4160159223314977,0.0
12.199909,0.0,0.1710810017561177,-0.6314764783238432,0.0,0.41583270918133564,0.0
12.209998,0.0,0.17115161232831777,-0.6312760579988184,0.0,0.41564813973222375,0.0
12.219892,0.0,0.17122309693893858,-0.6310786738980984,0.0,0.4154671107749188,0.0
12.229952,0.0,0.17129788471517354,-0.6308775926396863,0.0,0.4152834428108913,0.0
12.239881,0.0,0.1713740272169209,-0.630678086045231,0.0,0.4151019554201063,0.0
12.249927,0.0,0.17145317597929607,-0.6304758225006132,0.0,0.41491870716569307,0.0
12.259922,0.0,0.1715341314657996,-0.6302739088580246,0.0,0.41473651860402816,0.0
12.269965,0.0,0.1716176282275022,-0.6300705074766204,0.0,0.414553730347017,0.0
12.280114,0.0,0.17170427549973769,-0.6298642410379552,0.0,0.41436912098139767,0.0
12.289928,0.0,0.17179026629640964,-0.6296640216543403,0.0,0.4141906423565697,0.0
12.299948,0.0,0.17188009940525847,-0.629459282332975,0.0,0.4140088594093481,0.0
12.309914,0.0,0.17197174911237112,-0.6292547371902445,0.0,0.4138279735730216,0.0
12.319914,0.0,0.17206582430106532,-0.6290490182156983,0.0,0.41364677313007847,0.0
12.329997,0.0,0.17216291907224723,-0.6288408959509009,0.0,0.41346418690129866,0.0
12.339926,0.0,0.17226068084543367,-0.6286353701048742,0.0,0.4132845931227384,0.0
12.34995,0.0,0.17236146996957985,-0.6284274365178071,0.0,0.4131036110584338,0.0
12.35995,0.0,0.17246433850696474,-0.6282190943704791,0.0,0.4129229884135985,0.0
12.369949,0.0,0.17256936852975324,-0.6280101699665586,0.0,0.4127425728294736,0.0
12.379935,0.0,0.17267632541620295,-0.6278011154503619,0.0,0.41256275160796685,0.0
12.389918,0.0,0.17278539803885304,-0.6275915458160777,0.0,0.41238319014466357,0.0
12.39993,0.0,0.17289695627442425,-0.627380762505883,0.0,0.41220329194404237,0.0
12.409929,0.0,0.1730106879353124,-0.6271693696054417,0.0,0.41202357507986653,0.0
12.419883,0.0,0.17312598361386858,-0.6269584723009263,0.0,0.41184497317367985,0.0
12.429927,0.0,0.1732444843238124,-0.6267450865615358,0.0,0.4116649624670657,0.0
12.439931,0.0,0.17336463309417685,-0.6265320371928111,0.0,0.41148593005241124,0.0
12.449993,0.0,0.17348737462998817,-0.6263176434990222,0.0,0.41130646206551874,0.0
12.45999,0.0,0.17361181671589987,-0.62610346147286,0.0,0.4111278601574964,0.0
12.469909,0.0,0.17373761454883538,-0.625890036453646,0.0,0.410950568179455,0.0
12.479936,0.0,0.1738670197592373,-0.6256735708215628,0.0,0.41077143612421185,0.0
12.489917,0.0,0.17399771906255762,-0.6254579543760457,0.0,0.41059368716400685,0.0
12.500088,0.0,0.17413300792575886,-0.6252378010639172,0.0,0.4104128924066429,0.0
12.509927,0.0,0.17426623294545535,-0.6250238789744708,0.0,0.41023788087962243,0.0
12.520037,0.0,0.1744051564635264,-0.6248036997760157,0.0,0.41005842977602136,0.0
12.529926,0.0,0.17454327585141022,-0.6245875884527538,0.0,0.4098829584164207,0.0
12.539947,0.0,0.17468519424984252,-0.6243683021399535,0.0,0.4097055759171269,0.0
12.549971,0.0,0.17482954836025708,-0.6241480029750234,0.0,0.40952804451500274,0.0
12.559894,0.0,0.17497442385440776,-0.6239295743511498,0.0,0.40935267815351384,0.0
12.569968,0.0,0.1751232260599382,-0.6237078851907001,0.0,0.4091753578180416,0.0
12.579889,0.0,0.17527276670182393,-0.6234876953490781,0.0,0.4089998929425618,0.0
12.589942,0.0,0.1754259969189829,-0.6232646617031807,0.0,0.4088228228738738,0.0
12.599967,0.0,0.17558106972192433,-0.6230415028718699,0.0,0.40864631350047487,0.0
12.610036,0.0,0.17573894405879423,-0.6228168457449914,0.0,0.4084692802672606,0.0
12.619886,0.0,0.17589546363913164,-0.6225965377122422,0.0,0.4082963130419471,0.0
12.629899,0.0,0.17605658074381925,-0.6223721763406652,0.0,0.4081208081904702,0.0
12.639851,0.0,0.17621892706490225,-0.6221484872336319,0.0,0.4079464714848297,0.0
12.650031,0.0,0.17638711811977326,-0.6219191703717064,0.0,0.4077684088069519,0.0
12.659933,0.0,0.176552890924044,-0.621695473337479,0.0,0.40759534849503853,0.0
12.669843,0.0,0.17672093130293598,-0.6214709808617291,0.0,0.4074223016235665,0.0
12.679889,0.0,0.17689334424228742,-0.6212429284725263,0.0,0.4072471503663303,0.0
12.68987,0.0,0.17706675153443568,-0.6210158060502571,0.0,0.40707334893655156,0.0
12.699921,0.0,0.17724343455326874,-0.6207866246258639,0.0,0.4068986095805525,0.0
12.709879,0.0,0.1774206624228416,-0.6205589179467677,0.0,0.4067256239024239,0.0
12.719897,0.0,0.17760106331139944,-0.6203292987024617,0.0,0.4065518153005997,0.0
12.730007,0.0,0.17778535456059788,-0.6200969030038833,0.0,0.4063765440793175,0.0
12.739936,0.0,0.17796824627298669,-0.6198683703008627,0.0,0.40620480818487303,0.0
12.749988,0.0,0.1781557661976039,-0.619636150097144,0.0,0.40603092787786976,0.0
12.759975,0.0,0.17834401553478102,-0.6194050888157491,0.0,0.4058585373235316,0.0
12.769873,0.0,0.1785326996965728,-0.6191754980599475,0.0,0.40568785359051024,0.0
12.779887,0.0,0.17872581244691882,-0.6189425279483933,0.0,0.405515273933683,0.0
12.789846,0.0,0.17891976814481445,-0.6187105203692053,0.0,0.4053440195501431,0.0
12.799945,0.0,0.17911858866342226,-0.6184746859527179,0.0,0.40517056173178334,0.0
12.809838,0.0,0.1793156146024518,-0.6182429066468458,0.0,0.40500069210184825,0.0
12.819952,0.0,0.1795188474066743,-0.6180057712870215,0.0,0.4048275136095953,0.0
12.829903,0.0,0.17972116780897832,-0.6177716018641013,0.0,0.4046571083993016,0.0
12.840063,0.0,0.17992964740281317,-0.6175322265187011,0.0,0.40448353378508367,0.0
12.849928,0.0,0.18013408749643717,-0.6172993267849146,0.0,0.40431525078104885,0.0
12.859866,0.0,0.1803423311318029,-0.6170639081669853,0.0,0.40414574069595494,0.0
12.869967,0.0,0.1805560019656993,-0.6168242004529765,0.0,0.40397375025919136,0.0
12.879915,0.0,0.1807684521766633,-0.6165876613395727,0.0,0.4038046301449225,0.0
12.890068,0.0,0.1809874586933579,-0.6163456451556962,0.0,0.4036322030930382,0.0
12.899931,0.0,0.18120225757008954,-0.6161100239943482,0.0,0.4034649196906555,0.0
12.910004,0.0,0.18142371709677785,-0.6158688540434187,0.0,0.4032942926165385,0.0
12.91995,0.0,0.1816443473695781,-0.6156303113140593,0.0,0.40312611288410427,0.0
12.930031,0.0,0.18186997451816092,-0.6153880956624502,0.0,0.4029559382136147,0.0
12.940014,0.0,0.1820957358049866,-0.6151474378332639,0.0,0.4027874470875844,0.0
12.949939,0.0,0.1823220002555059,-0.6149079046053019,0.0,0.40262032217246796,0.0
12.960016,0.0,0.18255381648403934,-0.6146641714939187,0.0,0.4024508554719345,0.0
12.970084,0.0,0.1827844651761248,-0.6144233054829166,0.0,0.40228396130174954,0.0
12.97991,0.0,0.18301781619419713,-0.6141812371747973,0.0,0.40211680989137266,0.0
12.989959,0.0,0.18325528348923423,-0.6139365270630653,0.0,0.40194841687975746,0.0
12.999999,0.0,0.18349462733259492,-0.6136915014181726,0.0,0.4017803894984053,0.0
13.009991,0.0,0.18373457245875674,-0.6134474484080777,0.0,0.40161360470486634,0.0
13.020066,0.0,0.1839787262637006,-0.6132007047039596,0.0,0.40144556101163664,0.0
13.030033,0.0,0.1842227738840342,-0.6129556301197469,0.0,0.4012792272452047,0.0
13.04003,0.0,0.18446888485041826,-0.6127100247426716,0.0,0.4011131023607847,0.0
13.050018,0.0,0.18471628081252825,-0.6124646578350962,0.0,0.40094770380138656,0.0
13.059918,0.0,0.18496509327214863,-0.6122193858705227,0.0,0.400782929828748,0.0
13.070014,0.0,0.18522005661633972,-0.6119695724484092,0.0,0.40061567712896945,0.0
13.079951,0.0,0.18547300004767267,-0.6117232232222748,0.0,0.40045130544755203,0.0
13.089928,0.0,0.18572868067931078,-0.611475675026992,0.0,0.40028669185789895,0.0
13.10001,0.0,0.1859896540165117,-0.6112244868447104,0.0,0.4001202257723769,0.0
13.110094,0.0,0.1862525248566426,-0.6109729520319018,0.0,0.39995409947124044,0.0
13.119914,0.0,0.18650996665227518,-0.6107280175955139,0.0,0.3997928764241259,0.0
13.129923,0.0,0.1867750122326676,-0.6104772679164192,0.0,0.3996283780256315,0.0
13.139939,0.0,0.1870419939718553,-0.6102261085214573,0.0,0.39946416745082913,0.0
13.149922,0.0,0.18731019935626594,-0.6099752019370364,0.0,0.3993006747547271,0.0
13.160007,0.0,0.1875831303399003,-0.6097212860556933,0.0,0.39913577980100245,0.0
13.169902,0.0,0.1878527460410479,-0.6094718208892346,0.0,0.39897431890890706,0.0
13.179905,0.0,0.1881273743178369,-0.609219082635762,0.0,0.3988112856291122,0.0
13.189906,0.0,0.1884038801224889,-0.6089659772341415,0.0,0.3986485628062933,0.0
13.200025,0.0,0.18868573584796597,-0.6087093487683481,0.0,0.398484130590986,0.0
13.209907,0.0,0.18896297120002575,-0.608458250835253,0.0,0.39832378007159114,0.0
13.22012,0.0,0.18925153754027887,-0.6081982540207402,0.0,0.39815830401474855,0.0
13.229887,0.0,0.18952933909897957,-0.6079492422950112,0.0,0.3980003476891795,0.0
13.24007,0.0,0.1898209485680652,-0.6076891817128803,0.0,0.39783593098384734,0.0
13.250119,0.0,0.1901106546150735,-0.6074321370512547,0.0,0.3976739680692228,0.0
13.260045,0.0,0.1903990074719775,-0.6071775703305785,0.0,0.39751409919199887,0.0
13.269907,0.0,0.19068713137765564,-0.6069244520997672,0.0,0.39735566236169784,0.0
13.279878,0.0,0.19098054310013415,-0.6066679425460658,0.0,0.39719563096034066,0.0
13.290005,0.0,0.1912805500388146,-0.6064069488144672,0.0,0.3970333443859261,0.0
13.300022,0.0,0.19157916596390526,-0.6061484256468723,0.0,0.3968731301159266,0.0
13.309895,0.0,0.19187543198710494,-0.6058931543934536,0.0,0.3967154515265774,0.0
13.319935,0.0,0.19217850514486395,-0.6056332475715703,0.0,0.39655543767198065,0.0
13.330088,0.0,0.19248706567701301,-0.6053698869848204,0.0,0.3963938377354247,0.0
13.33991,0.0,0.19278693172678174,-0.6051151336752046,0.0,0.39623803367572763,0.0
13.34995,0.0,0.1930965734797207,-0.6048532784756963,0.0,0.39607841027170565,0.0
13.360053,0.0,0.1934096984316452,-0.6045896965171654,0.0,0.39591826767427013,0.0
13.369913,0.0,0.19371661911098145,-0.604332503629742,0.0,0.3957625196968893,0.0
13.379921,0.0,0.19403031057270023,-0.604070807310598,0.0,0.3956045615186998,0.0
13.389904,0.0,0.19434526650732864,-0.6038092237627394,0.0,0.3954471895046753,0.0
13.399885,0.0,0.1946620491776522,-0.6035472808772666,0.0,0.3952901173848783,0.0
13.409932,0.0,0.19498247374924702,-0.6032834855993068,0.0,0.3951324534334078,0.0
13.419924,0.0,0.19530343797792665,-0.6030203927911404,0.0,0.3949757250762568,0.0
13.429927,0.0,0.19562670858723244,-0.602756548004949,0.0,0.39481906309732145,0.0
13.43995,0.0,0.19595239164812328,-0.6024918683698364,0.0,0.3946624200281754,0.0
13.450021,0.0,0.19628159369177042,-0.6022254644987092,0.0,0.39450527407589375,0.0
13.459997,0.0,0.19660953070954673,-0.6019611987891271,0.0,0.3943498995240464,0.0
13.469934,0.0,0.19693817140931222,-0.6016974617669257,0.0,0.3941953395791711,0.0
13.480025,0.0,0.1972735872988455,-0.6014293983801028,0.0,0.3940387570965894,0.0
13.489902,0.0,0.1976040448992571,-0.6011663755103598,0.0,0.3938856187220972,0.0
13.500046,0.0,0.19794512190780114,-0.6008960023147972,0.0,0.39372871400901555,0.0
13.510043,0.0,0.1982828592884007,-0.6006293601351761,0.0,0.39357448129908507,0.0
13.519949,0.0,0.19861959635817855,-0.6003645624922755,0.0,0.39342181089838224,0.0
13.529993,0.0,0.1989632346896015,-0.6000954049847269,0.0,0.39326713001497504,0.0
13.540016,0.0,0.1993073656968091,-0.5998269231699987,0.0,0.3931133401743866,0.0
13.549897,0.0,0.19964876168607237,-0.5995616069237011,0.0,0.3929618542612288,0.0
13.559883,0.0,0.19999576054526064,-0.599292971665313,0.0,0.39280896763738377,0.0
13.570023,0.0,0.20034873257355706,-0.5990207648914512,0.0,0.3926545530869418,0.0
13.579885,0.0,0.20069601129134956,-0.5987539674814449,0.0,0.39250369753317516,0.0
13.589936,0.0,0.2010505675191806,-0.598482604171378,0.0,0.39235075573831824,0.0
13.599976,0.0,0.20140666526729337,-0.5982110862339228,0.0,0.39219822431376217,0.0
13.60989,0.0,0.2017598338784987,-0.597942799779742,0.0,0.39204799455915085,0.0
13.620079,0.0,0.20212057779418185,-0.5976697680682541,0.0,0.3918956014213616,0.0
13.629982,0.0,0.20248123606659452,-0.59739780431924,0.0,0.3917442970457818,0.0
13.639905,0.0,0.2028408909373887,-0.5971275799094549,0.0,0.39159444488684925,0.0
13.650002,0.0,0.20320783822325697,-0.5968528715126907,0.0,0.39144259875183157,0.0
13.660131,0.0,0.20357776559060312,-0.5965769332148405,0.0,0.3912905702844082,0.0
13.66989,0.0,0.20393662554182845,-0.5963101956469656,0.0,0.39114408257577,0.0
13.679951,0.0,0.20430787830520752,-0.5960352108832554,0.0,0.390993548600733,0.0
13.689921,0.0,0.20467758394965918,-0.5957623314299046,0.0,0.3908446494633368,0.0
13.699919,0.0,0.20505017854522264,-0.5954882731750952,0.0,0.3906955883485396,0.0
13.70994,0.0,0.20542527824720705,-0.595213324285406,0.0,0.39054652511069154,0.0
13.719986,0.0,0.2058033425864683,-0.5949371539352898,0.0,0.39039728361999065,0.0
13.72997,0.0,0.20618067275894497,-0.5946624578941468,0.0,0.39024931769470933,0.0
13.740009,0.0,0.20656180899164778,-0.594385927889308,0.0,0.39010084396881395,0.0
13.749906,0.0,0.2069392432541912,-0.5941129977213738,0.0,0.3899547731368739,0.0
13.75996,0.0,0.20732446774934404,-0.593835358013128,0.0,0.38980665869254616,0.0
13.770049,0.0,0.20771301213814305,-0.5935562567307086,0.0,0.38965824706131846,0.0
13.779921,0.0,0.20809507346501382,-0.5932827107292336,0.0,0.3895132567106349,0.0
13.789903,0.0,0.20848277728588835,-0.5930060220514162,0.0,0.3893670690244148,0.0
13.800091,0.0,0.20888000697928955,-0.5927234587458434,0.0,0.38921826145835337,0.0
13.809925,0.0,0.2092654701661195,-0.5924501460352327,0.0,0.3890747887490805,0.0
13.820003,0.0,0.20966217958225297,-0.5921697517850205,0.0,0.38892806983102013,0.0
13.82999,0.0,0.21005706540621283,-0.5918915327434193,0.0,0.3887829586570329,0.0
13.839886,0.0,0.21045012390431994,-0.5916154667188349,0.0,0.38863943067361784,0.0
13.849994,0.0,0.21085327882762,-0.591333193778686,0.0,0.3884931476079841,0.0
13.85987,0.0,0.21124859148075367,-0.5910572690182522,0.0,0.3883506135397418,0.0
13.869884,0.0,0.21165153952967083,-0.5907768761902358,0.0,0.38820623439416724,0.0
13.880063,0.0,0.21206263795810287,-0.5904916954936916,0.0,0.388059866525835,0.0
13.889905,0.0,0.21246190799847492,-0.5902155625945177,0.0,0.38791859845204646,0.0
13.899871,0.0,0.21286755719866482,-0.5899358562456638,0.0,0.3877759576968426,0.0
13.909909,0.0,0.21327815120889126,-0.5896535890306857,0.0,0.38763247372698206,0.0
13.919969,0.0,0.21369134237325504,-0.5893703865307545,0.0,0.3874889794980161,0.0
13.929894,0.0,0.2141006167374931,-0.5890906979128199,0.0,0.38734772106810617,0.0
13.939933,0.0,0.2145157219399255,-0.5888078562860232,0.0,0.3872053284678769,0.0
13.950063,0.0,0.21493699453006088,-0.5885216570971351,0.0,0.38706171267133505,0.0
13.959885,0.0,0.2153467922288465,-0.5882440591683159,0.0,0.38692286006619764,0.0
13.969957,0.0,0.2157689658992251,-0.5879588974674628,0.0,0.3867806806077777,0.0
13.979965,0.0,0.21618967750991808,-0.5876755400264511,0.0,0.38663985711999105,0.0
13.989887,0.0,0.21660846845239404,-0.5873942752354173,0.0,0.386500521717932,0.0
13.999911,0.0,0.21703323560073406,-0.5871098004704038,0.0,0.38636004838899274,0.0
14.009884,0.0,0.2174575804342626,-0.5868264062409575,0.0,0.38622055905528935,0.0
14.019879,0.0,0.21788464539890354,-0.5865419899613188,0.0,0.3860810168647302,0.0
14.029887,0.0,0.21831383390024361,-0.5862569521612151,0.0,0.385941620446397,0.0
14.039883,0.0,0.21874385334454774,-0.58597214927312,0.0,0.3858027877808166,0.0
14.049882,0.0,0.2191757438416078,-0.5856868897499586,0.0,0.38566418052900664,0.0
14.05988,0.0,0.21960919412590124,-0.5854013785244698,0.0,0.3855258981976316,0.0
14.069937,0.0,0.22004660408745527,-0.5851140397357953,0.0,0.38538718070116973,0.0
14.079916,0.0,0.22048182471863412,-0.5848289076910831,0.0,0.3852499730712843,0.0
14.090039,0.0,0.220926069782704,-0.584538644058404,0.0,0.38511074918543053,0.0
14.099885,0.0,0.2213590968231679,-0.5842564598180098,0.0,0.38497583713475714,0.0
14.109868,0.0,0.22179999563152555,-0.5839698969225774,0.0,0.38483927049845457,0.0
14.119927,0.0,0.22224523227375215,-0.5836812742373803,0.0,0.3847021675817738,0.0
14.130021,0.0,0.2226940878090809,-0.5833910687742115,0.0,0.3845647617632714,0.0
14.140115,0.0,0.22314436432088022,-0.5831007050317234,0.0,0.3844277298923039,0.0
14.149905,0.0,0.22358268925595395,-0.5828187710866962,0.0,0.3842951043963574,0.0
14.159896,0.0,0.22403208949753853,-0.5825304448176215,0.0,0.38415990652995347,0.0
14.169912,0.0,0.22448352691030804,-0.5822415482317197,0.0,0.38402488051014144,0.0
14.179912,0.0,0.22493561270562343,-0.5819529678415546,0.0,0.3838904396967586,0.0
14.190116,0.0,0.2253986523610128,-0.5816581446645805,0.0,0.383753540423561,0.0
14.199947,0.0,0.22584630602797356,-0.5813738304186729,0.0,0.38362195005149324,0.0
14.210049,0.0,0.2263079110605883,-0.5810813802451347,0.0,0.38348703217429864,0.0
14.220042,0.0,0.2267657085997279,-0.5807920607639181,0.0,0.38335399424587213,0.0
14.22996,0.0,0.22722218889912502,-0.5805042778634447,0.0,0.38322209126701995,0.0
14.239893,0.0,0.22768080990218975,-0.5802158452830147,0.0,0.3830903177520294,0.0
14.249955,0.0,0.22814643109138197,-0.579923719644341,0.0,0.3829572915272428,0.0
14.259934,0.0,0.2286098473420896,-0.5796336789925065,0.0,0.3828256458995213,0.0
14.269944,0.0,0.2290760763785854,-0.5793425761829858,0.0,0.3826939487033234,0.0
14.279938,0.0,0.2295431681327859,-0.5790516291085591,0.0,0.3825627515148291,0.0
14.289936,0.0,0.2300122042216589,-0.578760162419916,0.0,0.38243174919551365,0.0
14.299954,0.0,0.2304810150473953,-0.5784695203804557,0.0,0.3823015438770366,0.0
14.309916,0.0,0.23095314029599748,-0.5781775076015228,0.0,0.3821711518665973,0.0
14.319885,0.0,0.23142515081546822,-0.5778862443840227,0.0,0.3820415199422769,0.0
14.330115,0.0,0.23191015387552463,-0.577587662788737,0.0,0.38190907042187383,0.0
14.339979,0.0,0.232380615460402,-0.577298702735802,0.0,0.3817813113956443,0.0
14.349943,0.0,0.23285605691174877,-0.57700734638707,0.0,0.38165291225760745,0.0
14.359992,0.0,0.23333792430873462,-0.5767127241708246,0.0,0.3815235007619015,0.0
14.369899,0.0,0.23381368135121408,-0.576422494478602,0.0,0.38139643709975357,0.0
14.380013,0.0,0.2343010290575394,-0.5761258631124937,0.0,0.38126699858945534,0.0
14.389957,0.0,0.2347819719202095,-0.5758337868513933,0.0,0.3811399690651378,0.0
14.399916,0.0,0.23526390828291924,-0.5755417546183819,0.0,0.38101337540029356,0.0
14.409911,0.0,0.2357506092834935,-0.5752474859343435,0.0,0.38088623248610287,0.0
14.420004,0.0,0.23624258873220177,-0.5749506833344233,0.0,0.3807584208039841,0.0
14.429906,0.0,0.23672655290592287,-0.574659354419857,0.0,0.3806333811457189,0.0
14.439911,0.0,0.23721691619368648,-0.5743648122736065,0.0,0.38050737901236653,0.0
14.450048,0.0,0.23771528005275022,-0.5740661164251857,0.0,0.3803800265907375,0.0
14.459918,0.0,0.23820223578563465,-0.5737748862776203,0.0,0.3802562697229832,0.0
14.470153,0.0,0.23870650235551885,-0.5734739507764678,0.0,0.38012881523252084,0.0
14.480016,0.0,0.23919738538003685,-0.5731816286990316,0.0,0.3800054227861437,0.0
14.489876,0.0,0.23968797103977316,-0.572890094802951,0.0,0.3798827682836695,0.0
14.499919,0.0,0.24018820555738646,-0.5725934496841435,0.0,0.37975837765685727,0.0
14.51002,0.0,0.24069310068347594,-0.5722946718450463,0.0,0.3796335139788372,0.0
14.520013,0.0,0.24119262749378984,-0.5719996883680978,0.0,0.37951064964745707,0.0
14.529867,0.0,0.24168969989984124,-0.5717067579249314,0.0,0.3793890460562823,0.0
14.540078,0.0,0.24220396627976937,-0.5714043222739591,0.0,0.37926391956861427,0.0
14.549882,0.0,0.24269913312840496,-0.571113715856835,0.0,0.37914409098177426,0.0
14.560133,0.0,0.24321816480270705,-0.5708097259035725,0.0,0.3790191662347812,0.0
14.570102,0.0,0.2437243938321011,-0.570513841881336,0.0,0.378897986354295,0.0
14.579931,0.0,0.24422516858230336,-0.5702217303352592,0.0,0.37877875085578605,0.0
14.589918,0.0,0.24473459393244545,-0.5699251634346599,0.0,0.37865810166145536,0.0
14.600009,0.0,0.2452511156573694,-0.5696250676683009,0.0,0.37853643111954777,0.0
14.609928,0.0,0.24575969337936704,-0.5693301741684627,0.0,0.37841727472735176,0.0
14.620018,0.0,0.24627863299535113,-0.5690298668338241,0.0,0.37829634231588455,0.0
14.629953,0.0,0.24679060306726452,-0.5687341754397517,0.0,0.3781776734971332,0.0
14.639917,0.0,0.24730555645307273,-0.5684373392603295,0.0,0.37805894826327047,0.0
14.649925,0.0,0.24782413147894183,-0.5681389959343107,0.0,0.37794002614354794,0.0
14.660018,0.0,0.24834856495429658,-0.5678378689532868,0.0,0.3778204061435664,0.0
14.669905,0.0,0.24886332568617867,-0.5675428644501229,0.0,0.3777036184137182,0.0
14.679904,0.0,0.2493847298594496,-0.567244621351581,0.0,0.37758595026792796,0.0
14.689959,0.0,0.24991092948536606,-0.5669442100937525,0.0,0.377467834089474,0.0
14.699925,0.0,0.2504330502600252,-0.5666466929294443,0.0,0.3773512578955034,0.0
14.709891,0.0,0.25095674337003365,-0.5663488403522958,0.0,0.37723495020957415,0.0
14.719881,0.0,0.2514831307591368,-0.5660500159011244,0.0,0.377118664269228,0.0
14.729898,0.0,0.2520115609838866,-0.5657505917779011,0.0,0.3770025472219486,0.0
14.739904,0.0,0.2525409800401739,-0.5654511648789119,0.0,0.3768868309072837,0.0
14.749906,0.0,0.2530713561459392,-0.5651517511466677,0.0,0.3767715206253647,0.0
14.759904,0.0,0.2536017762500765,-0.56485286255624,0.0,0.37665681164243836,0.0
14.770073,0.0,0.2541439821556593,-0.5645478960366846,0.0,0.37654018014878476,0.0
14.779937,0.0,0.254670983188908,-0.56425202241413,0.0,0.37642742124129147,0.0
17.40525,0.0,0.413531076270517,-0.48877484469482124,0.0,0.36005902296304965,0.0
17.409869,0.0,0.41380411174403225,-0.48865947161323464,0.0,0.36005574768812154,0.0
17.41988,0.0,0.41439290561957753,-0.488410782676346,0.0,0.36004899637734517,0.0
17.429932,0.0,0.41498405521539244,-0.4881612496914603,0.0,0.3600426479369245,0.0
17.439932,0.0,0.41557106616116457,-0.48791361285494084,0.0,0.3600367718524708,0.0
17.450015,0.0,0.4161620557384932,-0.48766444725112335,0.0,0.3600312884206551,0.0
17.460014,0.0,0.41674736302472964,-0.487417824868272,0.0,0.3600262871464467,0.0
17.469937,0.0,0.41732776582066006,-0.4871734135208675,0.0,0.36002175151119037,0.0
17.479866,0.0,0.417907525475712,-0.48692941619756425,0.0,0.3600176438863561,0.0
17.490057,0.0,0.4185015604628521,-0.486679558930973,0.0,0.36001387545402913,0.0
17.500122,0.0,0.4190858735487417,-0.48643393643414706,0.0,0.3600106053582378,0.0
17.509898,0.0,0.41965631291622874,-0.4861942847961197,0.0,0.3600078324617495,0.0
17.520013,0.0,0.420242946164468,-0.48594797248579347,0.0,0.36000541505612427,0.0
17.529901,0.0,0.4208160447004703,-0.48570748230713545,0.0,0.3600034804478489,0.0
17.539982,0.0,0.42139991984900876,-0.485462611008028,0.0,0.3600019454153113,0.0
17.549894,0.0,0.4219725119551615,-0.48522260956754526,0.0,0.36000086930434555,0.0
17.559933,0.0,0.4225513362001348,-0.4849801342544707,0.0,0.36000021548362177,0.0
17.569889,0.0,0.4231253590825578,-0.4847398071993006,0.0,0.3600000000006302,0.0
17.579898,0.0,0.42370119737451184,-0.48449885665421283,0.0,0.3600002190108103,0.0
17.59004,0.0,0.4242836426594383,-0.48425528023312275,0.0,0.36000088602004365,0.0
17.599977,0.0,0.4248492319444674,-0.4840188860266662,0.0,0.36000196453276834,0.0
17.609961,0.0,0.42542482938454457,-0.48377844303492057,0.0,0.3600035000446845,0.0
17.619927,0.0,0.42599443387149677,-0.4835406363616938,0.0,0.3600054565551864,0.0
17.629979,0.0,0.4265678440460231,-0.48330137395615225,0.0,0.3600078673651559,0.0
17.639977,0.0,0.4271375402001423,-0.48306379313887965,0.0,0.3600107031428523,0.0
17.649956,0.0,0.42770445730272943,-0.4828275013563377,0.0,0.3600139632190937,0.0
17.659946,0.0,0.42827169631779677,-0.4825912048872275,0.0,0.36001766479428177,0.0
17.670005,0.0,0.42884195498854477,-0.48235378067928936,0.0,0.36002183163738033,0.0
17.679931,0.0,0.4294035684307454,-0.482120083047302,0.0,0.36002637420629835,0.0
17.689966,0.0,0.42996898596400124,-0.4818849295785358,0.0,0.3600313898232691,0.0
17.699994,0.0,0.4305362348746841,-0.4816491422368563,0.0,0.3600368699706322,0.0
17.709971,0.0,0.4310979658321423,-0.4814157742904071,0.0,0.3600427416530587,0.0
17.719937,0.0,0.4316578276200892,-0.48118330703287476,0.0,0.3600490366330682,0.0
17.730054,0.0,0.43222546637759357,-0.48094773677156033,0.0,0.36005587286909546,0.0
17.739936,0.0,0.4327783892824277,-0.4807183953805424,0.0,0.3600629736165179,0.0
17.749971,0.0,0.43333908216704115,-0.48048595353306617,0.0,0.3600706217895454,0.0
17.759963,0.0,0.43389672965558823,-0.4802548960660419,0.0,0.36007867801790727,0.0
17.769912,0.0,0.434450874489716,-0.4800254099546949,0.0,0.3600871303111089,0.0
17.779944,0.0,0.43500848722604635,-0.4797946081486474,0.0,0.3600960875128953,0.0
17.789951,0.0,0.43556324092553256,-0.4795651092897124,0.0,0.3601054513228617,0.0
17.799985,0.0,0.43611908863506144,-0.4793352771104221,0.0,0.3601152889467458,0.0
17.809973,0.0,0.4366715068722846,-0.4791069808965831,0.0,0.360125520116846,0.0
17.819908,0.0,0.43721972862461583,-0.47888053486783755,0.0,0.36013612390677985,0.0
17.830055,0.0,0.43777802377833663,-0.4786500463072823,0.0,0.3601473863691748,0.0
17.840018,0.0,0.43832535291847285,-0.4784242005942806,0.0,0.3601588847160119,0.0
17.849959,0.0,0.43887005779852273,-0.4781995510498421,0.0,0.3601707799914615,0.0
17.85994,0.0,0.4394169904909205,-0.47797409612293307,0.0,0.36018318044115605,0.0
17.870037,0.0,0.43996808771976287,-0.47774703913994265,0.0,0.36019614087773016,0.0
17.879978,0.0,0.4405089262457154,-0.47752432040421233,0.0,0.3602093172633257,0.0
17.889936,0.0,0.44105192371932694,-0.47730082348779435,0.0,0.3602230047526926,0.0
17.899954,0.0,0.4415959270659501,-0.47707702366160204,0.0,0.36023718122197734,0.0
17.909937,0.0,0.442136780361254,-0.47685462969336917,0.0,0.36025173858906334,0.0
17.919965,0.0,0.4426783505763729,-0.47663205048044677,0.0,0.36026678081482744,0.0
17.92993,0.0,0.4432165376121935,-0.47641097001694127,0.0,0.36028219360306424,0.0
17.939963,0.0,0.4437563101079217,-0.4761893464143512,0.0,0.3602981199909794,0.0
17.949958,0.0,0.44429328993906636,-0.47596897662418264,0.0,0.36031443232607957,0.0
17.959969,0.0,0.44482937229775393,-0.4757490814958801,0.0,0.3603311864894746,0.0
17.97005,0.0,0.4453621697904956,-0.4755306387916531,0.0,0.36034830553042296,0.0
17.979941,0.0,0.44589738197936174,-0.47531131120106773,0.0,0.360365974635173,0.0
17.98999,0.0,0.4464326497285189,-0.47509206593840764,0.0,0.3603841224595505,0.0
17.999937,0.0,0.4469614081083193,-0.47487558983026346,0.0,0.3604025210888073,0.0
18.009983,0.0,0.4474939153793001,-0.4746576820214228,0.0,0.3604215270955533,0.0
18.020015,0.0,0.4480239649092182,-0.4744408824416857,0.0,0.36044092404620653,0.0
18.029972,0.0,0.44854967745130514,-0.4742259575106841,0.0,0.3604606373585968,0.0
18.040018,0.0,0.4490791684013725,-0.4740095890218175,0.0,0.360480974024001,0.0
18.049963,0.0,0.44960134869876833,-0.47379630708916676,0.0,0.3605015067508962,0.0
18.060091,0.0,0.4501307684795635,-0.4735801685045684,0.0,0.36052281110680273,0.0
18.069909,0.0,0.45064625673782,-0.47336981431482256,0.0,0.3605440294299105,0.0
18.079925,0.0,0.45116828427438505,-0.4731568887169749,0.0,0.3605659976584234,0.0
18.089913,0.0,0.45168834144030773,-0.472944863674744,0.0,0.360588367578433,0.0
18.099934,0.0,0.4522084696584386,-0.4727329061356712,0.0,0.36061122799280454,0.0
18.10992,0.0,0.4527256386050944,-0.472522249946459,0.0,0.36063444533029926,0.0
18.119911,0.0,0.4532422614048286,-0.4723119109743173,0.0,0.3606581266887412,0.0
18.129908,0.0,0.453757673563126,-0.47210215904650904,0.0,0.3606822428693329,0.0
18.139875,0.0,0.4542702497767757,-0.47189365425980595,0.0,0.36070671583370906,0.0
18.150181,0.0,0.45479863182651803,-0.4716788168688977,0.0,0.3607324584248155,0.0
18.159891,0.0,0.4552955642778313,-0.4714768562312859,0.0,0.3607571496134111,0.0
18.169968,0.0,0.4558096943915676,-0.47126799730918434,0.0,0.36078318975722107,0.0
18.179943,0.0,0.4563171543389097,-0.4710619386924032,0.0,0.3608093891044191,0.0
18.189914,0.0,0.4568234991823177,-0.47085642240217274,0.0,0.36083602702832585,0.0
18.199976,0.0,0.4573324685137197,-0.4706499307895898,0.0,0.3608633065499075,0.0
18.209898,0.0,0.4578343894673999,-0.4704463868099353,0.0,0.36089070673803525,0.0
18.219903,0.0,0.458338511821082,-0.4702420379171354,0.0,0.36091872944870895,0.0
18.229939,0.0,0.4588426342388866,-0.47003777680251646,0.0,0.3609472597998475,0.0
18.239917,0.0,0.4593425005566349,-0.46983532667185446,0.0,0.36097605471659344,0.0
18.249996,0.0,0.45984485095796224,-0.46963195702886873,0.0,0.36100550407749177,0.0
18.259862,0.0,0.46033864998100227,-0.469432133670334,0.0,0.36103495597785734,0.0
18.269892,0.0,0.4608368232525115,-0.4692306247748871,0.0,0.3610651792963993,0.0
18.280022,0.0,0.46133836727822697,-0.469027838031865,0.0,0.3610961295901564,0.0
18.289892,0.0,0.4618265156508614,-0.46883054978027183,0.0,0.3611267610499533,0.0
18.300012,0.0,0.4623255716628193,-0.46862893686630397,0.0,0.3611585993852656,0.0
18.309935,0.0,0.4628126524312733,-0.46843224325898597,0.0,0.36119018755553395,0.0
18.319917,0.0,0.46330255674098064,-0.4682344904178535,0.0,0.361222475407031,0.0
18.329912,0.0,0.46379102111189924,-0.46803739948288564,0.0,0.3612551887500354,0.0
18.339982,0.0,0.46428210362627376,-0.4678393331634655,0.0,0.36128860599239515,0.0
18.349897,0.0,0.4647640459721438,-0.46764503210935127,0.0,0.3613219212196642,0.0
18.360019,0.0,0.465254470668799,-0.46744739124105816,0.0,0.3613563564250423,0.0
18.369925,0.0,0.4657332355808611,-0.4672545268816475,0.0,0.36139049695669234,0.0
18.379929,0.0,0.46621499963490337,-0.46706053159514205,0.0,0.3614253788143282,0.0
18.390156,0.0,0.4667063538837868,-0.4668627541905565,0.0,0.36146150518721604,0.0
18.399934,0.0,0.46717466738503277,-0.4666743257150779,0.0,0.36149645949227655,0.0
18.41006,0.0,0.4676581445850331,-0.4664798723458117,0.0,0.36153308516294813,0.0
18.419902,0.0,0.46812698609168224,-0.46629137929150466,0.0,0.361569130609026,0.0
18.429918,0.0,0.46860218011842203,-0.4661004063332174,0.0,0.36160620057042014,0.0
18.439892,0.0,0.4690740946365551,-0.46591082499118647,0.0,0.36164355401372383,0.0
18.449897,0.0,0.46954627378150476,-0.46572121062414434,0.0,0.3616814715689395,0.0
18.459967,0.0,0.4700195795859286,-0.46553121723009633,0.0,0.3617200302471385,0.0
18.469893,0.0,0.47048531980696373,-0.46534433238742157,0.0,0.3617585160835732,0.0
18.480047,0.0,0.4709594562251156,-0.46515415124346854,0.0,0.3617982550829114,0.0
18.489924,0.0,0.471418867779798,-0.4649699463071804,0.0,0.36183730368560457,0.0
18.499946,0.0,0.4718847744600394,-0.46478320722043476,0.0,0.3618774564769014,0.0
18.50992,0.0,0.4723467258055806,-0.46459812303894116,0.0,0.36191782291111735,0.0
18.519891,0.0,0.472806543852819,-0.46441396223649606,0.0,0.3619585569084531,0.0
18.529901,0.0,0.4732669331819015,-0.4642296411160317,0.0,0.36199990096660156,0.0
18.540068,0.0,0.4737331266080946,-0.46404306595637373,0.0,0.36204234265785284,0.0
18.549985,0.0,0.47418553221048926,-0.4638620757220987,0.0,0.36208408950938636,0.0
18.560056,0.0,0.4746440499395421,-0.46367870736260475,0.0,0.36212696957323165,0.0
18.570019,0.0,0.47509649462678405,-0.46349783379080867,0.0,0.36216984935252694,0.0
18.580024,0.0,0.4755484691209434,-0.46331721359687267,0.0,0.36221325361448115,0.0
18.589994,0.0,0.475998045648379,-0.46313761641578244,0.0,0.36225699790825333,0.0
18.599893,0.0,0.4764429718883799,-0.4629599403646654,0.0,0.36230085579430893,0.0
18.609891,0.0,0.4768904760061331,-0.4627812983919304,0.0,0.36234554201957386,0.0
18.619925,0.0,0.47733811034408796,-0.4626026680450277,0.0,0.36239082373043024,0.0
18.629887,0.0,0.47778106154038197,-0.46242596902594874,0.0,0.36243621153173994,0.0
18.639937,0.0,0.4782260143436325,-0.46224853401122856,0.0,0.362482391630615,0.0
18.649866,0.0,0.478664240689916,-0.46207384240463695,0.0,0.3625284553257411,0.0
18.659891,0.0,0.47910510982006366,-0.46189815834330583,0.0,0.3625753859353383,0.0
18.669975,0.0,0.4795469847094439,-0.46172213481381025,0.0,0.3626230233046083,0.0
18.679899,0.0,0.4799802808379039,-0.4615495881865065,0.0,0.362670325541621,0.0
18.68994,0.0,0.48041697549938167,-0.46137574769873146,0.0,0.36271859647304294,0.0
18.69992,0.0,0.4808494115280272,-0.4612036612471665,0.0,0.36276699481753133,0.0
18.709924,0.0,0.48128148393763853,-0.461031777773945,0.0,0.3628159539196682,0.0
18.719985,0.0,0.48171429583609515,-0.46085965841616156,0.0,0.362865606697748,0.0
18.729915,0.0,0.4821400710120953,-0.4606903942226446,0.0,0.36291505490369946,0.0
18.739901,0.0,0.48256658998660223,-0.4605208907352644,0.0,0.3629651959915443,0.0
18.749908,0.0,0.48299194600595236,-0.4603519055329344,0.0,0.3630158121913327,0.0
18.759992,0.0,0.4834194564183186,-0.4601821207938286,0.0,0.3630673079034368,0.0
18.769897,0.0,0.4838376174908864,-0.4600161036844724,0.0,0.36311828921436035,0.0
18.779911,0.0,0.4842584073734005,-0.4598490972619409,0.0,0.36317020927844645,0.0
18.789862,0.0,0.48467508349623445,-0.45968377718676595,0.0,0.3632222404334507,0.0
18.799922,0.0,0.48509465061207047,-0.4595173639256562,0.0,0.36327526242841957,0.0
18.810236,0.0,0.485522849194913,-0.4593475827646093,0.0,0.36333003514489026,0.0
18.819915,0.0,0.48592393977942583,-0.45918860081151536,0.0,0.3633819527227039,0.0
18.829913,0.0,0.4863361202692374,-0.4590252742720554,0.0,0.36343593080089004,0.0
18.840067,0.0,0.4867516492707552,-0.45886067329001434,0.0,0.3634909968547424,0.0
18.850051,0.0,0.4871605059889186,-0.4586987666255739,0.0,0.3635458234317053,0.0
18.859911,0.0,0.4875626091870313,-0.4585395838573647,0.0,0.3636003762654625,0.0
18.869994,0.0,0.4879710391778026,-0.45837794664529546,0.0,0.3636564373379222,0.0
18.879966,0.0,0.4883737687606632,-0.4582186148148074,0.0,0.3637123657374259,0.0
18.889918,0.0,0.4887740862120328,-0.45806028585521874,0.0,0.3637686070750006,0.0
18.899936,0.0,0.4891749290937354,-0.4579017975102192,0.0,0.36382557812790806,0.0
18.90993,0.0,0.489573282335207,-0.4577443414650847,0.0,0.36388285431489165,0.0
18.919937,0.0,0.48997055393401245,-0.4575873604608236,0.0,0.36394063812498606,0.0
18.929917,0.0,0.49036534564743123,-0.4574314062940914,0.0,0.36399872625454066,0.0
18.939946,0.0,0.490759620105257,-0.45727570305795184,0.0,0.36405740903151207,0.0
18.950036,0.0,0.491154749584668,-0.45711970880760017,0.0,0.3641169009192473,0.0
18.959937,0.0,0.4915411639868625,-0.4569672002921211,0.0,0.3641757500341248,0.0
18.969928,0.0,0.49192933601765976,-0.4568140428967273,0.0,0.3642355426499433,0.0
18.979941,0.0,0.49231635054946665,-0.4566613868472289,0.0,0.3642958408195762,0.0
18.990068,0.0,0.4927049699272791,-0.45650814255429345,0.0,0.36435708594554883,0.0
19.00007,0.0,0.4930875868512854,-0.45635730897719584,0.0,0.3644180771965292,0.0
19.009967,0.0,0.4934665379015669,-0.4562079632815309,0.0,0.3644791707523254,0.0
19.020005,0.0,0.4938470188129067,-0.456058057384088,0.0,0.36454120844917576,0.0
19.030126,0.0,0.49422972046760644,-0.4559073196485454,0.0,0.36460432365022694,0.0
19.039981,0.0,0.49460061201632205,-0.455761274846543,0.0,0.364666185867946,0.0
19.05004,0.0,0.49497598829769446,-0.4556135053270881,0.0,0.36472950278277955,0.0
19.059999,0.0,0.4953481178436634,-0.45546705477744187,0.0,0.36479298424882856,0.0
19.069943,0.0,0.4957171029651235,-0.45532188182300143,0.0,0.36485664000561796,0.0
19.080267,0.0,0.4960968330710879,-0.45517252302059585,0.0,0.36492289965536356,0.0
19.090055,0.0,0.4964568016335401,-0.4550309759436884,0.0,0.36498642446658525,0.0
19.100174,0.0,0.4968263523314046,-0.4548857003397898,0.0,0.3650523737774974,0.0
19.109913,0.0,0.49718128538858997,-0.454746208629569,0.0,0.36511642483428536,0.0
19.119964,0.0,0.4975447212621966,-0.4546034132498544,0.0,0.3651827428186433,0.0
19.130018,0.0,0.49790537569057747,-0.45446174867372646,0.0,0.36524929743151063,0.0
19.139897,0.0,0.4982604312717713,-0.4543223202035541,0.0,0.36531555446517683,0.0
19.15,0.0,0.4986188919982091,-0.4541815916219054,0.0,0.3653831991668721,0.0
19.159891,0.0,0.4989713289932575,-0.4540432641666652,0.0,0.36545045584390706,0.0
19.169884,0.0,0.49932384733728885,-0.45390494069734144,0.0,0.3655184827054044,0.0
19.179918,0.0,0.4996758200611555,-0.4537668671055809,0.0,0.3655871695594277,0.0
19.189893,0.0,0.5000239183742663,-0.4536303485038388,0.0,0.36565586481512835,0.0
19.199911,0.0,0.5003715555180325,-0.45349404556898526,0.0,0.3657252403909443,0.0
19.209923,0.0,0.5007172396644276,-0.4533585428121385,0.0,0.3657950033162023,0.0
19.219917,0.0,0.501060636796871,-0.4532239704829932,0.0,0.36586508484487634,0.0
19.229984,0.0,0.5014045278970076,-0.45308923844204485,0.0,0.36593605965949144,0.0
19.240127,0.0,0.5017490683070955,-0.452954285949686,0.0,0.36600797744746705,0.0
19.250101,0.0,0.502086258583616,-0.4528222452662907,0.0,0.36607915857255763,0.0
19.259888,0.0,0.5024153409254725,-0.452693410864394,0.0,0.36614940199401286,0.0
19.269931,0.0,0.5027506338991596,-0.4525621767690854,0.0,0.36622177097537545,0.0
19.279971,0.0,0.5030843829752918,-0.45243157873387224,0.0,0.3662946225624751,0.0
19.290059,0.0,0.5034173079767206,-0.4523013347073561,0.0,0.3663681196579317,0.0
19.300144,0.0,0.503748788770255,-0.45217168692877296,0.0,0.36644213167035755,0.0
19.309936,0.0,0.5040689122687688,-0.45204651074716184,0.0,0.36651441171796484,0.0
19.319902,0.0,0.504392834744157,-0.4519198786025961,0.0,0.366588368001907,0.0
19.330107,0.0,0.504721070958648,-0.4517915903342255,0.0,0.36666416431026116,0.0
19.339929,0.0,0.5050377419852461,-0.4516678510517854,0.0,0.36673812083999136,0.0
19.349934,0.0,0.5053570810796892,-0.45154309785875846,0.0,0.3668135421281964,0.0
19.360073,0.0,0.5056780247264494,-0.451417746768084,0.0,0.3668902098575415,0.0
19.37015,0.0,0.5059961728775341,-0.451293516110826,0.0,0.3669670844109743,0.0
19.379942,0.0,0.5063029397624966,-0.4511737565431815,0.0,0.3670420491797053,0.0
19.389935,0.0,0.5066142996047701,-0.45105223091759883,0.0,0.36711899601644965,0.0
19.400172,0.0,0.5069310375779323,-0.4509286340489554,0.0,0.36719817775790886,0.0
19.410107,0.0,0.5072367312985152,-0.4508093734728993,0.0,0.3672754818043292,0.0
19.419935,0.0,0.5075367759918409,-0.4506923421590001,0.0,0.36735221755105646,0.0
19.429929,0.0,0.5078407160178389,-0.45057381711122624,0.0,0.3674308354255307,0.0
19.439934,0.0,0.508142851526959,-0.4504560212877394,0.0,0.3675098877344091,0.0
19.449934,0.0,0.5084428030996982,-0.45033910208150585,0.0,0.36758927527562996,0.0
19.459951,0.0,0.5087411468099018,-0.45022283443745237,0.0,0.36766915153017043,0.0
19.469944,0.0,0.5090369980850771,-0.4501075625437321,0.0,0.36774927927060563,0.0
19.479928,0.0,0.5093306026174589,-0.449993190059003,0.0,0.36782972165382805,0.0
19.489935,0.0,0.509622934502401,-0.44987933706989747,0.0,0.3679107479542989,0.0
19.500148,0.0,0.509919207985568,-0.44976397310924376,0.0,0.3679938362310765,0.0
19.510099,0.0,0.510206108971931,-0.44965228177888655,0.0,0.36807524591850344,0.0
19.519966,0.0,0.5104886345361911,-0.44954231603294914,0.0,0.3681563468443837,0.0
19.530015,0.0,0.5107742348403383,-0.44943117591028636,0.0,0.3682392912720656,0.0
19.539924,0.0,0.5110540825933714,-0.44932229617532204,0.0,0.3683215222714487,0.0
19.549932,0.0,0.5113345750889253,-0.4492131872278331,0.0,0.3684049142095308,0.0
19.559972,0.0,0.5116137580705258,-0.4491046091546613,0.0,0.36848890383297384,0.0
19.569932,0.0,0.5118892695096859,-0.44899747998582223,0.0,0.3685727756882577,0.0
19.579929,0.0,0.5121636086345402,-0.4488908273536503,0.0,0.36865728645955054,0.0
19.590033,0.0,0.5124382211453979,-0.4487840891007102,0.0,0.3687428991041878,0.0
19.600067,0.0,0.5127100184382664,-0.44867846541871353,0.0,0.3688286595705968,0.0
19.609933,0.0,0.5129750951184315,-0.4485754729106506,0.0,0.36891330473179773,0.0
19.620118,0.0,0.5132455475825194,-0.44847041149073774,0.0,0.3690007133521347,0.0
19.629985,0.0,0.5135076803875552,-0.44836860102375736,0.0,0.3690864657196558,0.0
19.63992,0.0,0.5137682247001044,-0.44826742608201053,0.0,0.36917272945407165,0.0
19.649982,0.0,0.5140302618628816,-0.44816569008470614,0.0,0.3692605487881019,0.0
19.65996,0.0,0.5142881606812255,-0.44806557904484157,0.0,0.3693480454133294,0.0
19.669957,0.0,0.5145445074952576,-0.44796608837898344,0.0,0.36943608712528797,0.0
19.680022,0.0,0.5147997313078674,-0.4478670512894234,0.0,0.369524830504605,0.0
19.689997,0.0,0.5150523786074401,-0.44776903139581914,0.0,0.3696137730278504,0.0
19.700027,0.0,0.5153032833917852,-0.44767170466952205,0.0,0.369703207259288,0.0
19.710143,0.0,0.5155542076425856,-0.44757438743959505,0.0,0.3697937777175624,0.0
19.719942,0.0,0.51579585200258,-0.44748068537546914,0.0,0.36988209312877374,0.0
19.729936,0.0,0.5160399064838687,-0.4473860647592639,0.0,0.3699724072427384,0.0
19.739913,0.0,0.5162817442065843,-0.44729231944948566,0.0,0.3700630376467755,0.0
19.749953,0.0,0.5165228870594677,-0.4471988592047914,0.0,0.3701545636521074,0.0
19.760043,0.0,0.516762276083013,-0.4471060941952782,0.0,0.37024659597187753,0.0
19.770102,0.0,0.517000467281372,-0.44701380866514473,0.0,0.3703393578121329,0.0
19.780058,0.0,0.5172335304785829,-0.44692352471510777,0.0,0.3704313025855626,0.0
19.789909,0.0,0.5174623349731677,-0.4468349046999331,0.0,0.3705227333941711,0.0
19.800068,0.0,0.5176956992006372,-0.4467445330991672,0.0,0.37061720904591244,0.0
19.810235,0.0,0.5179241016429943,-0.4466560971239548,0.0,0.37071090487060915,0.0
19.819883,0.0,0.5181456399254174,-0.44657033226609444,0.0,0.3708029788221958,0.0
19.830073,0.0,0.5183732364519225,-0.44648223574686796,0.0,0.3708988297141551,0.0
19.839944,0.0,0.5185921481284349,-0.4463975139768931,0.0,0.37099226121731615,0.0
19.849923,0.0,0.5188115222102845,-0.44631262610155,0.0,0.37108714324218267,0.0
19.859962,0.0,0.519029950558969,-0.4462281169537066,0.0,0.3711828988731478,0.0
19.869968,0.0,0.5192454301602107,-0.4461447611421643,0.0,0.37127865292024514,0.0
19.879945,0.0,0.5194584767620283,-0.4460623586809907,0.0,0.3713746241041938,0.0
19.89005,0.0,0.5196719533582723,-0.4459798020359826,0.0,0.37147212296516563,0.0
19.900268,0.0,0.5198851547760484,-0.44589736391807405,0.0,0.3715708698717403,0.0
19.909917,0.0,0.5200859951218377,-0.44581971648842494,0.0,0.3716651860120742,0.0
19.919965,0.0,0.5202921164285774,-0.4457400385200765,0.0,0.3717633284509567,0.0
19.930127,0.0,0.5204976050122738,-0.4456606163680856,0.0,0.3718625697103828,0.0
19.940197,0.0,0.520699928372852,-0.4455824285355283,0.0,0.3719616919830002,0.0
19.950102,0.0,0.5208969286556939,-0.44550630823572424,0.0,0.3720595938398932,0.0
19.960106,0.0,0.5210941193376201,-0.4454301246644887,0.0,0.3721590059696079,0.0
19.970002,0.0,0.5212871924193111,-0.4453555418814075,0.0,0.3722577595532631,0.0
19.980007,0.0,0.521479872158209,-0.44528112087639227,0.0,0.37235775659104764,0.0
19.989959,0.0,0.5216693125730405,-0.44520796060346185,0.0,0.3724575267616871,0.0
20.000007,0.0,0.5218585552222312,-0.4451348861721858,0.0,0.3725586816658451,0.0
20.009916,0.0,0.5220433986106336,-0.44506351960524404,0.0,0.3726589712258868,0.0
20.019946,0.0,0.5222280058539641,-0.4449922532084071,0.0,0.3727606498558896,0.0
20.029957,0.0,0.5224102422237806,-0.4449219108834661,0.0,0.37286256243034577,0.0
20.040058,0.0,0.5225920115720534,-0.4448517575417998,0.0,0.37296579274338554,0.0
20.050019,0.0,0.5227692108515564,-0.44478337637748433,0.0,0.3730680008709723,0.0
20.060086,0.0,0.5229459228356093,-0.44471519148695543,0.0,0.3731715319460302,0.0
20.069937,0.0,0.5231171430085568,-0.4446491334605232,0.0,0.3732734302005062,0.0
20.079931,0.0,0.5232884506670494,-0.4445830493897501,0.0,0.3733770002115613,0.0
20.089934,0.0,0.5234579430029564,-0.44451767318551105,0.0,0.3734811279276335,0.0
20.099955,0.0,0.5236254560056478,-0.44445306785161726,0.0,0.3735857201358302,0.0
20.109986,0.0,0.5237910412509185,-0.4443892132344131,0.0,0.37369081530403936,0.0
20.119971,0.0,0.5239537418008482,-0.4443264780405132,0.0,0.373795798238955,0.0
20.129958,0.0,0.5241143661257757,-0.44426455021236,0.0,0.37390118015755397,0.0
20.140072,0.0,0.524274862900307,-0.44420267830538324,0.0,0.37400827483270993,0.0
20.150154,0.0,0.5244326389843974,-0.4441418617990505,0.0,0.3741153776841394,0.0
20.160067,0.0,0.5245856924964678,-0.44408287187782836,0.0,0.3742210755883839,0.0
20.170005,0.0,0.5247370107093788,-0.4440245567926724,0.0,0.3743273930889234,0.0
20.180068,0.0,0.5248879846998048,-0.44396638032266084,0.0,0.3744353482871048,0.0
20.189974,0.0,0.5250347318713598,-0.44390983832018854,0.0,0.3745421595564937,0.0
20.199996,0.0,0.5251809390612993,-0.44385350995963446,0.0,0.3746505019519649,0.0
20.210018,0.0,0.5253249160106197,-0.44379804627601543,0.0,0.3747591539136679,0.0
20.220059,0.0,0.525467136810589,-0.44374326440941847,0.0,0.3748684809440304,0.0
20.230063,0.0,0.5256063830179056,-0.44368963342569134,0.0,0.37497753819030677,0.0
20.240257,0.0,0.525746142657075,-0.44363580976683203,0.0,0.3750891006920331,0.0
20.250211,0.0,0.5258809307350266,-0.4435839055483005,0.0,0.3751987880260906,0.0
20.259948,0.0,0.5260105875388297,-0.4435339817389868,0.0,0.37530633473598785,0.0
20.270154,0.0,0.526144096828456,-0.4434825791112935,0.0,0.3754192669492672,0.0
20.279928,0.0,0.5262698535977415,-0.4434341655282724,0.0,0.37552777666576265,0.0
20.289963,0.0,0.5263968517334522,-0.443385278213203,0.0,0.37563956901168316,0.0
20.299917,0.0,0.5265206650678691,-0.44333762090093093,0.0,0.37575080975748404,0.0
20.309939,0.0,0.5266430434401922,-0.44329051983078543,0.0,0.37586306388138074,0.0
20.319995,0.0,0.5267634218192723,-0.4432441923072995,0.0,0.37597583954711383,0.0
20.329941,0.0,0.5268810188373136,-0.443198938814269,0.0,0.3760883922099443,0.0
20.339964,0.0,0.5269969284724507,-0.4431543381623558,0.0,0.37620176588098314,0.0
20.349921,0.0,0.5271098995375991,-0.44311087158447227,0.0,0.3763147276549427,0.0
20.359931,0.0,0.5272213772028176,-0.443067982842497,0.0,0.3764287202620656,0.0
20.369934,0.0,0.527330564108049,-0.4430259785396649,0.0,0.3765429480159535,0.0
20.379941,0.0,0.5274376865506051,-0.4429847714333155,0.0,0.37665764833469123,0.0
20.390096,0.0,0.5275438635468931,-0.44294393094142515,0.0,0.37677407240897975,0.0
20.400202,0.0,0.5276472064431811,-0.44290418337016624,0.0,0.3768901747917646,0.0
20.409949,0.0,0.5277457783242899,-0.44286627338892326,0.0,0.3770036469931255,0.0
20.420155,0.0,0.5278460061261839,-0.44282772912543766,0.0,0.37712194333486826,0.0
20.429935,0.0,0.5279400668718599,-0.4427915588638555,0.0,0.37723582062516325,0.0
20.440076,0.0,0.5280352506135291,-0.4427549590872076,0.0,0.377354076406513,0.0
20.449928,0.0,0.5281256949675561,-0.44272018385104117,0.0,0.37746946001174747,0.0
20.459918,0.0,0.5282152360913096,-0.4426857579781321,0.0,0.3775868012635292,0.0
20.469985,0.0,0.5283031963308835,-0.4426519419195829,0.0,0.37770531240134303,0.0
20.47992,0.0,0.528387846696417,-0.44261940021469337,0.0,0.37782263468368205,0.0
20.489929,0.0,0.5284709616404681,-0.4425874505596021,0.0,0.3779412005936317,0.0
20.499964,0.0,0.5285519267774652,-0.44255632900755254,0.0,0.37806017656540014,0.0
20.510053,0.0,0.5286311666120851,-0.4425258722646519,0.0,0.3781802223912023,0.0
20.519993,0.0,0.5287072658805012,-0.4424966241554223,0.0,0.3782991609832744,0.0
20.530036,0.0,0.5287819289652659,-0.44246792947901736,0.0,0.3784196446656642,0.0
20.539918,0.0,0.5288532610550644,-0.44244051631682324,0.0,0.3785385833922177,0.0
20.549918,0.0,0.528923158967687,-0.44241365558275264,0.0,0.3786591084097005,0.0
20.560019,0.0,0.5289914999565246,-0.44238739436561303,0.0,0.37878113178049366,0.0
20.569994,0.0,0.5290568172337999,-0.4423622961840791,0.0,0.3789020179334145,0.0
20.579974,0.0,0.5291199676937453,-0.44233803164480157,0.0,0.37902327409843645,0.0
20.589962,0.0,0.5291810490991814,-0.44231456308063755,0.0,0.37914510337196417,0.0
20.599979,0.0,0.5292400770339207,-0.4422918844067785,0.0,0.3792675680852765,0.0
20.610041,0.0,0.5292971195975438,-0.44226996936715124,0.0,0.37939085687108365,0.0
20.619965,0.0,0.5293512523079551,-0.4422491730291012,0.0,0.37951290398236265,0.0
20.629989,0.0,0.5294037231211348,-0.4422290158651904,0.0,0.3796364995533013,0.0
20.6401,0.0,0.5294544209968797,-0.44220954046311484,0.0,0.37976153812666685,0.0
20.649956,0.0,0.52950166780972,-0.44219139136767277,0.0,0.37988373671137277,0.0
20.659961,0.0,0.5295474283215585,-0.442173813756402,0.0,0.38000807744930626,0.0
20.670098,0.0,0.5295915487214009,-0.4421568666563971,0.0,0.3801344063640779,0.0
20.679982,0.0,0.5296323744595031,-0.44214118551448267,0.0,0.38025786225819747,0.0
20.689956,0.0,0.5296714327932679,-0.4421261836314587,0.0,0.38038289926378577,0.0
20.700326,0.0,0.5297095881991583,-0.4421115289308204,0.0,0.3805127978275533,0.0
20.710139,0.0,0.529743711725025,-0.4420984231077841,0.0,0.3806367402306426,0.0
20.720185,0.0,0.5297763588828055,-0.4420858845927498,0.0,0.38076364143365915,0.0
20.730089,0.0,0.5298063818792919,-0.44207435415796953,0.0,0.380889134249677,0.0
20.740011,0.0,0.5298343009034404,-0.4420636319681962,0.0,0.38101522824465506,0.0
20.749973,0.0,0.5298601407144582,-0.44205370846984327,0.0,0.38114212609236076,0.0
20.759959,0.0,0.5298838389718318,-0.4420446075622195,0.0,0.38126961904312234,0.0
20.769994,0.0,0.5299054337021,-0.4420363146032048,0.0,0.38139803460181093,0.0
20.78007,0.0,0.5299248549699421,-0.44202885641439715,0.0,0.38152710075480883,0.0
20.789997,0.0,0.5299418514904998,-0.44202232946047937,0.0,0.3816549293579469,0.0
20.800082,0.0,0.5299568875431955,-0.4420165554213373,0.0,0.3817850994453797,0.0
20.810143,0.0,0.5299696062950854,-0.4420116713009352,0.0,0.3819147953779084,0.0
20.819983,0.0,0.5299799602128451,-0.4420076953296727,0.0,0.3820427815070947,0.0
20.829984,0.0,0.529988259790005,-0.44200450825828097,0.0,0.3821727866141477,0.0
20.840041,0.0,0.5299943830450669,-0.44200215691473277,0.0,0.3823038897801032,0.0
20.850121,0.0,0.5299982790150963,-0.44200066085858214,0.0,0.3824355430692986,0.0
20.860018,0.0,0.5299999247906355,-0.4420000288803967,0.0,0.3825649642393849,0.0
20.870099,0.0,0.5299993821356745,-0.44200023725994986,0.0,0.38269754176601595,0.0
20.879986,0.0,0.529996674094877,-0.4420012771489832,0.0,0.38282761233549584,0.0
20.890046,0.0,0.5299917042629887,-0.44200318557182133,0.0,0.38296037427353324,0.0
20.899966,0.0,0.5299846177937753,-0.4420059067974773,0.0,0.3830916065023123,0.0
20.910174,0.0,0.5299750652571401,-0.4420095750208436,0.0,0.3832269104523597,0.0
20.919973,0.0,0.5299637471547163,-0.44201392126082295,0.0,0.38335698987762207,0.0
20.930085,0.0,0.5299498587824292,-0.44201925454937746,0.0,0.3834915031345383,0.0
20.940053,0.0,0.5299338934263105,-0.44202538548371295,0.0,0.38362501454420306,0.0
20.950043,0.0,0.5299157622127033,-0.44203234821870585,0.0,0.3837585911299719,0.0
20.96024,0.0,0.5298950332764369,-0.4420403086323382,0.0,0.38389501076509386,0.0
20.970037,0.0,0.5298728014291163,-0.4420488463225203,0.0,0.384027364082121,0.0
20.980132,0.0,0.5298477700575752,-0.44205845926471954,0.0,0.384163503908904,0.0
20.99007,0.0,0.5298209229870818,-0.44206876967865344,0.0,0.3842978981738093,0.0
20.999958,0.0,0.5297920660341436,-0.4420798521785978,0.0,0.3844318540722093,0.0
21.010097,0.0,0.5297602482359464,-0.44209207203714895,0.0,0.38456950034745524,0.0
21.020034,0.0,0.5297268611553402,-0.44210489486901483,0.0,0.38470475049795505,0.0
21.029968,0.0,0.5296912914277658,-0.44211855629495245,0.0,0.3848403450381486,0.0
21.040053,0.0,0.5296529607341081,-0.4421332785006043,0.0,0.3849783051512046,0.0
21.049986,0.0,0.529613039575694,-0.44214861197868055,0.0,0.3851144272373026,0.0
21.059994,0.0,0.5295706412949643,-0.44216489735200964,0.0,0.3852518292429848,0.0
21.069921,0.0,0.5295263453273777,-0.4421819121278668,0.0,0.3853886301102547,0.0
21.080355,0.0,0.5294777400524592,-0.4422005827552639,0.0,0.3855319055573346,0.0
21.090031,0.0,0.5294300843796835,-0.44221888920260377,0.0,0.38566635433565993,0.0
21.099925,0.0,0.5293793703796145,-0.4422383711155302,0.0,0.3858037037330477,0.0
21.10992,0.0,0.5293260325201394,-0.44225886170280243,0.0,0.3859425495585396,0.0
21.119918,0.0,0.5292705089322776,-0.44228019274804087,0.0,0.38608168426356937,0.0
21.130085,0.0,0.5292119263324243,-0.44230269986210724,0.0,0.3862231832794348,0.0
21.139992,0.0,0.5291524259029305,-0.4423255605032762,0.0,0.38636193000156754,0.0
21.149976,0.0,0.5290902103901257,-0.4423494652781185,0.0,0.3865022114915459,0.0
21.160006,0.0,0.5290258917357953,-0.44237417917845123,0.0,0.3866425980699012,0.0
21.170141,0.0,0.5289582224681026,-0.4424001816711136,0.0,0.38678570747862284,0.0
21.179928,0.0,0.5288909534048377,-0.44242603154822735,0.0,0.38692374457353296,0.0
21.19013,0.0,0.5288187261899999,-0.4424537880183212,0.0,0.3870676959322809,0.0
21.200022,0.0,0.5287464387924647,-0.442481568959335,0.0,0.38720774042658834,0.0
21.210013,0.0,0.5286710507316912,-0.4425105429553065,0.0,0.387349871272337,0.0
21.219924,0.0,0.5285941674425063,-0.4425400931204298,0.0,0.3874910415717026,0.0
21.229949,0.0,0.5285142544657813,-0.4425708093611434,0.0,0.38763405889090435,0.0
21.240121,0.0,0.5284314859815125,-0.4426026249096225,0.0,0.3877785107335668,0.0
21.249921,0.0,0.5283485431107298,-0.4426345092605557,0.0,0.3879198046910436,0.0
21.259928,0.0,0.5282622792541879,-0.44266767212284747,0.0,0.3880633559244294,0.0
21.270082,0.0,0.5281725209669829,-0.44270218040279774,0.0,0.3882093124728633,0.0
21.280102,0.0,0.5280819532227861,-0.44273700198967114,0.0,0.3883533145493143,0.0
21.290063,0.0,0.527989344448493,-0.4427726105010767,0.0,0.38849740329812393,0.0
21.299974,0.0,0.5278949765199998,-0.44280889769116794,0.0,0.3886411678053102,0.0
21.310236,0.0,0.5277956054346448,-0.44284711122314535,0.0,0.3887894385029694,0.0
21.320032,0.0,0.5276981221550325,-0.4428846012688634,0.0,0.3889319895294712,0.0
21.329988,0.0,0.5275971637291944,-0.44292343037029747,0.0,0.38907678550865366,0.0
21.340104,0.0,0.5274921451725476,-0.44296382381165245,0.0,0.3892245328000246,0.0
21.350239,0.0,0.5273848427525432,-0.44300509864242527,0.0,0.38937265536874743,0.0
21.359912,0.0,0.5272801787162078,-0.44304536146311185,0.0,0.38951453827138155,0.0
21.370035,0.0,0.527168955316738,-0.4430881506859409,0.0,0.3896626668133488,0.0
21.379916,0.0,0.5270575318452704,-0.4431310200886275,0.0,0.3898084842139571,0.0
21.389973,0.0,0.5269424339291218,-0.443175306582521,0.0,0.3899565551904974,0.0
21.400031,0.0,0.5268253496252455,-0.44322036090326,0.0,0.39010466564714047,0.0
21.40989,0.0,0.5267076854562254,-0.44326564193539786,0.0,0.3902510927515305,0.0
21.420052,0.0,0.5265850950635678,-0.44331282255683757,0.0,0.3904012116039942,0.0
21.429909,0.0,0.5264632815702224,-0.4433597080376602,0.0,0.3905480434787119,0.0
21.440047,0.0,0.52633670180591,-0.4434084321136457,0.0,0.39069828201697354,0.0
21.45018,0.0,0.5262073610900364,-0.4434582232523608,0.0,0.39084946132263076,0.0
21.460067,0.0,0.5260787322594191,-0.443507744651213,0.0,0.39099758424804293,0.0
21.469966,0.0,0.5259482065148691,-0.4435580007455955,0.0,0.3911457354282447,0.0
21.479965,0.0,0.5258143523154217,-0.4436095429882071,0.0,0.391295517217382,0.0
21.490079,0.0,0.5256770360521795,-0.44366242318378674,0.0,0.3914470210455954,0.0
21.49996,0.0,0.5255396981392824,-0.4437153166238731,0.0,0.3915964709111208,0.0
21.510045,0.0,0.5253985398472828,-0.44376968653720056,0.0,0.39174801261506853,0.0
21.520076,0.0,0.5252556021577804,-0.443824747109251,0.0,0.3918994279235232,0.0
21.530065,0.0,0.5251110331608224,-0.4438804414880647,0.0,0.39205058002843696,0.0
21.539925,0.0,0.5249656916629276,-0.44393643896192364,0.0,0.39220060980958327,0.0
21.549912,0.0,0.5248168440378815,-0.44399379299592157,0.0,0.39235233977017064,0.0
21.560054,0.0,0.5246636587758415,-0.44405282444896954,0.0,0.39250655051372785,0.0
21.569937,0.0,0.5245119559801389,-0.44411129065934135,0.0,0.3926574104849605,0.0
21.579955,0.0,0.5243564139185667,-0.4441712427663266,0.0,0.39281024816239873,0.0
21.590179,0.0,0.5241966103825004,-0.44423284400422863,0.0,0.3929654123770797,0.0
21.599968,0.0,0.5240386551354461,-0.4442937393281488,0.0,0.3931170035868541,0.0
21.610007,0.0,0.5238764265880278,-0.44435628890579776,0.0,0.39327092902894906,0.0
21.619939,0.0,0.5237133002249995,-0.4444191916013232,0.0,0.39342397168618964,0.0
21.629955,0.0,0.5235471344290086,-0.444483273495693,0.0,0.3935781469353698,0.0
21.639928,0.0,0.5233792975604649,-0.44454800719182064,0.0,0.3937321789376287,0.0
21.650032,0.0,0.5232074721607876,-0.4446142869002641,0.0,0.3938881749099889,0.0
21.659951,0.0,0.5230361575427859,-0.44468037730010973,0.0,0.39404206221199295,0.0
21.670046,0.0,0.5228601293914804,-0.44474829413913375,0.0,0.3941985359715753,0.0
21.679958,0.0,0.5226847366003647,-0.44481597394239236,0.0,0.3943528444326595,0.0
21.689919,0.0,0.5225065274183185,-0.44488474881398843,0.0,0.3945080532441978,0.0
21.699919,0.0,0.5223255162087571,-0.4449546136118142,0.0,0.3946641323781052,0.0
21.709931,0.0,0.5221424085378877,-0.44502529636472554,0.0,0.39482046581195535,0.0
21.719923,0.0,0.5219571745437553,-0.44509680891191217,0.0,0.3949770802010569,0.0
21.730053,0.0,0.5217679220849933,-0.44516988220323944,0.0,0.3951355531739278,0.0
21.739923,0.0,0.5215804404329037,-0.4452422810851703,0.0,0.3952910616131467,0.0
21.75006,0.0,0.521386487416956,-0.4453171887581214,0.0,0.39545043804983876,0.0
21.759926,0.0,0.5211954685949205,-0.4453909729239836,0.0,0.3956059618801497,0.0
21.770037,0.0,0.5209976013256915,-0.44546741259824846,0.0,0.3957656028353529,0.0
21.779954,0.0,0.5208014318783458,-0.44554320661034597,0.0,0.39592245592858805,0.0
21.789936,0.0,0.520602036112305,-0.4456202576290934,0.0,0.3960804881648926,0.0
21.799913,0.0,0.5204004045548185,-0.4456981833329428,0.0,0.39623890193158406,0.0
21.810081,0.0,0.5201931629628473,-0.44577828842668243,0.0,0.3964003120632603,0.0
21.81996,0.0,0.5199893223093501,-0.4458570900872807,0.0,0.3965577211845366,0.0
21.830166,0.0,0.5197770160998096,-0.44593917614774825,0.0,0.39672028598838827,0.0
21.840066,0.0,0.519568851093001,-0.44601967269985493,0.0,0.39687835272571836,0.0
21.850031,0.0,0.5193570252286631,-0.44610159673741356,0.0,0.3970378910401249,0.0
21.859935,0.0,0.5191445310757309,-0.44618379125332686,0.0,0.3971966459884226,0.0
21.869992,0.0,0.5189269627575266,-0.4462679609790773,0.0,0.3973578958860771,0.0
21.88012,0.0,0.5187063232043487,-0.44635333176732184,0.0,0.39752012200730563,0.0
21.890035,0.0,0.5184883437038197,-0.4464376860908302,0.0,0.3976791439461905,0.0
21.900156,0.0,0.5182631333397616,-0.4465248519811044,0.0,0.39784217516827036,0.0
21.90995,0.0,0.5180410174066206,-0.4466108334939756,0.0,0.39800174178134273,0.0
21.91996,0.0,0.5178140984093914,-0.44669868793126993,0.0,0.39816353833595997,0.0
21.929999,0.0,0.5175843487657228,-0.44678765235400836,0.0,0.39832613124862826,0.0
21.939989,0.0,0.5173534716227413,-0.44687706764139545,0.0,0.3984883176636775,0.0
21.950111,0.0,0.5171182509905192,-0.4469681798226254,0.0,0.3986523476474773,0.0
21.959939,0.0,0.5168867491778266,-0.4470578660522,0.0,0.398812626290605,0.0
21.970113,0.0,0.5166456753126087,-0.44715127592426174,0.0,0.3989783438485347,0.0
21.979984,0.0,0.5164097266310026,-0.44724271507871505,0.0,0.399139395403331,0.0
21.989945,0.0,0.5161692071401704,-0.44733594104506064,0.0,0.3993024337987128,0.0
21.999932,0.0,0.5159263487784418,-0.4474300894030886,0.0,0.3994659270282033,0.0
22.010102,0.0,0.5156768289724151,-0.4475268367809466,0.0,0.3996327522359218,0.0
22.020131,0.0,0.5154299453398234,-0.44762257859145965,0.0,0.3997966948339152,0.0
22.029881,0.0,0.5151854201669939,-0.4477174220477361,0.0,0.39995800090422795,0.0
22.039907,0.0,0.5149336607266953,-0.4478150883670486,0.0,0.4001229940393314,0.0
22.049927,0.0,0.5146800157645994,-0.4479135035265882,0.0,0.40028813711350725,0.0
22.059959,0.0,0.5144239532150192,-0.44801287443155347,0.0,0.40045377618936706,0.0
22.069884,0.0,0.5141680597030254,-0.4481121975345372,0.0,0.4006182503663369,0.0
22.079933,0.0,0.5139078141948009,-0.4482132280973024,0.0,0.40078446581811994,0.0
22.089967,0.0,0.5136455235287791,-0.448315071272411,0.0,0.4009509360497833,0.0
22.100082,0.0,0.5133793664335129,-0.4484184348841654,0.0,0.4011188071757822,0.0
22.109986,0.0,0.5131164289294423,-0.44852056712586025,0.0,0.40128363080751994,0.0
22.120162,0.0,0.5128447732032029,-0.4486261055976747,0.0,0.40145288316071315,0.0
22.129947,0.0,0.5125806454231869,-0.4487287387999305,0.0,0.401616458916647,0.0
22.140083,0.0,0.512306172264563,-0.4488354121764191,0.0,0.40178543513606746,0.0
22.149876,0.0,0.5120372882362704,-0.44893993336274396,0.0,0.40194999844715124,0.0
22.159907,0.0,0.5117612711309696,-0.4490472479585619,0.0,0.4021179495172133,0.0
22.169904,0.0,0.5114840817244749,-0.44915503939168444,0.0,0.40228563938558576,0.0
22.180083,0.0,0.5112001932354857,-0.4492654578058742,0.0,0.40245639254779764,0.0
22.18998,0.0,0.5109218049980793,-0.4493737584327995,0.0,0.4026228868003725,0.0
22.200028,0.0,0.5106371751214037,-0.44948450929964695,0.0,0.40279216233556075,0.0
22.209932,0.0,0.510354596295759,-0.44959448419303555,0.0,0.40295928704955225,0.0
22.219946,0.0,0.5100670648572151,-0.449706409187822,0.0,0.4031284094048213,0.0
22.229964,0.0,0.5097774669696268,-0.4498191616699624,0.0,0.40329781799154235,0.0
22.239947,0.0,0.5094868654748879,-0.4499323282258647,0.0,0.40346689637909877,0.0
22.249937,0.0,0.5091940318374277,-0.4500463876922102,0.0,0.40363636377950945,0.0
22.260079,0.0,0.5088947709876348,-0.45016297514701925,0.0,0.4038086272733811,0.0
22.269953,0.0,0.5086014963644881,-0.4502772545865548,0.0,0.40397655829770374,0.0
22.279949,0.0,0.5083025755083501,-0.45039375878333665,0.0,0.40414683805962776,0.0
22.289929,0.0,0.5080023646629986,-0.45051079078443246,0.0,0.4043169726149552,0.0
22.299918,0.0,0.5076998958706724,-0.4506287284070051,0.0,0.4044875131796619,0.0
22.309943,0.0,0.5073944620356985,-0.4507478480515853,0.0,0.4046588538561404,0.0
22.319921,0.0,0.5070884127800861,-0.4508672338504273,0.0,0.4048296790023698,0.0
22.329949,0.0,0.506779536684161,-0.4509877489243857,0.0,0.4050012259659235,0.0
22.339926,0.0,0.5064694641545706,-0.4511087576865821,0.0,0.4051725897350189,0.0
22.349938,0.0,0.5061567670792775,-0.4512308180037303,0.0,0.40534456091931226,0.0
22.360021,0.0,0.5058399428031646,-0.45135451735701254,0.0,0.4055179555218251,0.0
22.369928,0.0,0.5055261920429589,-0.451477044507642,0.0,0.40568884489481166,0.0
22.379943,0.0,0.5052079358779102,-0.45160135943170937,0.0,0.4058613676472068,0.0
22.390016,0.0,0.5048854323691113,-0.4517273625401765,0.0,0.40603536609537894,0.0
22.400148,0.0,0.5045590403408377,-0.45185491478677065,0.0,0.40621063154712295,0.0
22.409906,0.0,0.5042430846439543,-0.45197841724270665,0.0,0.40637951182473375,0.0
22.420198,0.0,0.5039081448302885,-0.4521093711510354,0.0,0.4065577161791208,0.0
22.429954,0.0,0.5035885396728511,-0.4522343591856833,0.0,0.40672698673980046,0.0
22.440034,0.0,0.5032565830794464,-0.4523642081745745,0.0,0.4069020126714066,0.0
22.450016,0.0,0.5029258407540562,-0.4524936133151219,0.0,0.40707561632871286,0.0
22.460119,0.0,0.5025891999509378,-0.4526253582243983,0.0,0.4072515293065589,0.0
22.469925,0.0,0.5022603252070876,-0.45275409504162645,0.0,0.4074226316803415,0.0
22.479975,0.0,0.5019218778654759,-0.4528866112227414,0.0,0.40759795207159544,0.0
22.490079,0.0,0.5015795467730695,-0.45302068133082884,0.0,0.4077745119621658,0.0
22.500081,0.0,0.5012385919227094,-0.45315424576099356,0.0,0.4079496039584172,0.0
22.50999,0.0,0.5008992802995726,-0.45328719952974134,0.0,0.4081231144561027,0.0
22.519975,0.0,0.5005554174580598,-0.4534219703035942,0.0,0.40829821484549766,0.0
22.529964,0.0,0.5002096965363552,-0.453557503549534,0.0,0.4084735262201951,0.0
22.540033,0.0,0.49986006607877265,-0.45369460441139314,0.0,0.40865008355613025,0.0
22.549981,0.0,0.4995108288261637,-0.453831586230219,0.0,0.408825715843814,0.0
22.560037,0.0,0.4991574375851394,-0.4539702331792632,0.0,0.40900271097093055,0.0
22.569921,0.0,0.4988077289358306,-0.4541074708342059,0.0,0.40917715494264695,0.0
22.579911,0.0,0.4984527131443448,-0.4542468273751521,0.0,0.40935353945569514,0.0
22.58993,0.0,0.49809499561271675,-0.45438728137175727,0.0,0.4095305582694143,0.0
22.599918,0.0,0.4977363557528541,-0.4545281347737946,0.0,0.40970733215646676,0.0
22.609929,0.0,0.4973751157918291,-0.4546700471216813,0.0,0.4098846897184926,0.0
22.619993,0.0,0.4970103289710631,-0.45481339137333454,0.0,0.4100630898427732,0.0
22.629952,0.0,0.4966475397905806,-0.4549559891010767,0.0,0.4102398281558377,0.0
22.639918,0.0,0.496282247461195,-0.45509960952160644,0.0,0.41041710729914166,0.0
22.649921,0.0,0.49591428236890445,-0.45524432020859934,0.0,0.4105950064456519,0.0
22.659944,0.0,0.49554351018551845,-0.45539017493478406,0.0,0.4107735866356263,0.0
22.669933,0.0,0.4951725782483098,-0.4555361328316191,0.0,0.41095157575402014,0.0
22.679972,0.0,0.4947980271914262,-0.455683555805466,0.0,0.4111306345299383,0.0
22.689931,0.0,0.494424042723977,-0.4558307969302372,0.0,0.4113087645588305,0.0
22.699973,0.0,0.4940456335926383,-0.455979822013004,0.0,0.41148834373026927,0.0
22.710121,0.0,0.4936619034632178,-0.45613098574658917,0.0,0.41166978265896625,0.0
22.719913,0.0,0.4932885342883868,-0.45627810972338656,0.0,0.4118456896870341,0.0
22.729928,0.0,0.4929057279170803,-0.45642899520333147,0.0,0.41202540498865875,0.0
22.740005,0.0,0.49251902466942726,-0.4565814607602322,0.0,0.4122063042513997,0.0
22.749907,0.0,0.49213683453528356,-0.45673219055076747,0.0,0.4123844647986566,0.0
22.759942,0.0,0.4917485200501821,-0.45688538017257535,0.0,0.412564851314503,0.0
22.769917,0.0,0.491360077850561,-0.4570386651094547,0.0,0.4127446726934555,0.0
22.779932,0.0,0.49096885771389187,-0.45719309175745937,0.0,0.41292515850074557,0.0
22.78998,0.0,0.49057414462854865,-0.45734894352844246,0.0,0.4131066332896462,0.0
22.800192,0.0,0.4901720189097317,-0.457507770118776,0.0,0.41329088307324346,0.0
22.809934,0.0,0.48978562333109443,-0.4576604294880363,0.0,0.41346733264784485,0.0
22.819944,0.0,0.48938762350720666,-0.4578177204055035,0.0,0.41364848308084834,0.0
22.830145,0.0,0.4889802348286638,-0.4579787711806768,0.0,0.4138332875116038,0.0
22.839968,0.0,0.48858639888364097,-0.4581345117682279,0.0,0.4140113572374421,0.0
22.850026,0.0,0.48818093143190033,-0.4582949008925351,0.0,0.414194092400084,0.0
22.859916,0.0,0.48778034819508165,-0.4584534068008482,0.0,0.4143740435871101,0.0
22.869922,0.0,0.487374086152441,-0.4586142093826415,0.0,0.4145559629107443,0.0
22.879918,0.0,0.48696611455086813,-0.45877573901625496,0.0,0.41473806565465826,0.0
22.890007,0.0,0.48655329633278005,-0.45893923907798523,0.0,0.41492174666303483,0.0
22.900027,0.0,0.4861417314568496,-0.4591022943922355,0.0,0.4151042926751106,0.0
22.91007,0.0,0.4857263095127094,-0.4592669302043719,0.0,0.41528797335932366,0.0
22.91992,0.0,0.485317696706947,-0.45942891892588966,0.0,0.41546808681673386,0.0
22.929935,0.0,0.48490091655528006,-0.4595941981211414,0.0,0.4156512398999751,0.0
22.940012,0.0,0.48447985966535023,-0.459761227392824,0.0,0.4158357057897717,0.0
22.949931,0.0,0.4840636124276956,-0.4599264022496503,0.0,0.41601751273162463,0.0
22.959927,0.0,0.48364246501005004,-0.46009357585392496,0.0,0.41620090944937516,0.0
22.969942,0.0,0.4832192145678392,-0.46026163933857267,0.0,0.41638467190649175,0.0
22.979938,0.0,0.4827949891675276,-0.46043014547619177,0.0,0.4165683120610203,0.0
22.989966,0.0,0.4823679258189331,-0.46059983511680835,0.0,0.416752636684709,0.0
23.000072,0.0,0.4819353657496607,-0.46077176646090456,0.0,0.4169387850633098,0.0
23.009927,0.0,0.4815121358236398,-0.46094004555872686,0.0,0.4171203912190076,0.0
23.020102,0.0,0.4810739379732278,-0.46111433472989055,0.0,0.41730787831554145,0.0
23.030089,0.0,0.48064263546337965,-0.4612859397943756,0.0,0.41749188433391016,0.0
23.039905,0.0,0.48021471629735446,-0.4614562561219866,0.0,0.4176739335583894,0.0
23.049944,0.0,0.47977792688364174,-0.4616301619925881,0.0,0.4178592362114231,0.0
23.059925,0.0,0.4793412835406811,-0.4618040694861658,0.0,0.4180439586541956,0.0
23.070056,0.0,0.4788979646785735,-0.4619806969891179,0.0,0.4182309822402718,0.0
23.079923,0.0,0.47846179049750864,-0.46215453826358893,0.0,0.4184144843336467,0.0
23.089929,0.0,0.4780193885031837,-0.4623309229690376,0.0,0.41860009931543896,0.0
23.100039,0.0,0.47757099845950013,-0.4625097581901315,0.0,0.4187877123641238,0.0
23.109947,0.0,0.4771298661698742,-0.4626857608442335,0.0,0.4189717901054632,0.0
23.119947,0.0,0.4766834545276446,-0.4628639326822212,0.0,0.41915757407403337,0.0
23.129978,0.0,0.4762337792752903,-0.46304347111819766,0.0,0.4193442176657311,0.0
23.140025,0.0,0.47578290681768876,-0.4632235521971132,0.0,0.41953086233356685,0.0
23.15028,0.0,0.47532009202349457,-0.46340847057439993,0.0,0.4197219410818209,0.0
23.159938,0.0,0.4748806503465792,-0.46358411356408863,0.0,0.4199028983241379,0.0
23.169884,0.0,0.4744282727627221,-0.46376499159974083,0.0,0.42008870871404563,0.0
23.179938,0.0,0.4739709641501904,-0.4639479080159039,0.0,0.4202760622283475,0.0
23.189912,0.0,0.47351401096492823,-0.46413074945112415,0.0,0.42046279202540376,0.0
23.199991,0.0,0.4730516238860683,-0.46431583366025553,0.0,0.42065126208764514,0.0
23.210027,0.0,0.47258996735229203,-0.4645006943311276,0.0,0.42083895858428716,0.0
23.219944,0.0,0.47213139999909115,-0.46468438628546754,0.0,0.4210249344192149,0.0
23.230062,0.0,0.4716625089918441,-0.46487228418082027,0.0,0.42121462427157813,0.0
23.240144,0.0,0.4711973408292954,-0.46505876082505376,0.0,0.42140234158563106,0.0
23.249956,0.0,0.47073587870331524,-0.4652438214171192,0.0,0.421588110028423,0.0
23.259991,0.0,0.4702673990985911,-0.46543176731934516,0.0,0.42177624736099834,0.0
23.270041,0.0,0.46979465985610336,-0.4656214948678775,0.0,0.42196563528743486,0.0
23.279979,0.0,0.4693266842290471,-0.4658093827379136,0.0,0.42215266530807005,0.0
23.290015,0.0,0.4688524473063797,-0.46599985783249687,0.0,0.4223417470925909,0.0
23.300025,0.0,0.46837801939890383,-0.4661904836982359,0.0,0.4225304567291882,0.0
23.309988,0.0,0.4679044821955666,-0.466380825706182,0.0,0.4227183704402207,0.0
23.319971,0.0,0.46742872857125145,-0.46657213326185687,0.0,0.42290672479135033,0.0
23.329982,0.0,0.46695039261502624,-0.46676455479928536,0.0,0.42309566338411025,0.0
23.33993,0.0,0.46647230580049365,-0.4669569520122255,0.0,0.4232840699228827,0.0
23.350046,0.0,0.46598562883633415,-0.46715288427974433,0.0,0.4234754218217462,0.0
23.359945,0.0,0.4655081322420712,-0.4673451973593741,0.0,0.42366273805403365,0.0
23.369957,0.0,0.46502377569881004,-0.4675403511458404,0.0,0.4238523193434413,0.0
23.379968,0.0,0.46453807403563263,-0.46773612579929136,0.0,0.42404200142420706,0.0
23.389972,0.0,0.464050630128436,-0.46793268232216084,0.0,0.42423194044341145,0.0
23.399945,0.0,0.4635642608398221,-0.4681288851867851,0.0,0.4244210429334736,0.0
23.409982,0.0,0.4630722100741751,-0.46832746114167123,0.0,0.4246119347804795,0.0
23.419939,0.0,0.46258329692842126,-0.4685248518936762,0.0,0.4248011962889308,0.0
23.429911,0.0,0.4620927661033488,-0.46872297712445576,0.0,0.4249906750681438,0.0
23.439931,0.0,0.461598386157853,-0.4689227396650216,0.0,0.42518123106700917,0.0
23.44995,0.0,0.46110247069435895,-0.46912320621033293,0.0,0.4253719706533919,0.0
23.45997,0.0,0.46060524016376403,-0.46932428856197905,0.0,0.42556281031612037,0.0
23.469928,0.0,0.46010952278086376,-0.46952484312092857,0.0,0.42575266952357316,0.0
23.479992,0.0,0.45960722089791345,-0.46972814748399333,0.0,0.42594464824211115,0.0
23.490056,0.0,0.4591035844542258,-0.46993207900345063,0.0,0.42613673513373124,0.0
23.499929,0.0,0.45860812192160744,-0.4701327859632311,0.0,0.42632531634815224,0.0
23.509927,0.0,0.45810534105752887,-0.470336544099456,0.0,0.4265162940165358,0.0
23.519907,0.0,0.45760166994552187,-0.47054075068552975,0.0,0.4267072214107233,0.0
23.529901,0.0,0.4570963781400781,-0.47074570273684113,0.0,0.42689837698100425,0.0
23.539895,0.0,0.456589461466242,-0.4709514030122407,0.0,0.4270897630134535,0.0
23.549874,0.0,0.45608203634767225,-0.4711573992593427,0.0,0.4272809599594497,0.0
23.559944,0.0,0.4555699723126444,-0.4713653698884658,0.0,0.4274735227494088,0.0
23.569907,0.0,0.45506050344461835,-0.47157237760151727,0.0,0.4276647330171582,0.0
23.580113,0.0,0.4545378343734656,-0.4717848434811541,0.0,0.4278605115608768,0.0
23.589889,0.0,0.4540359127855581,-0.4719889659231402,0.0,0.4280481548607158,0.0
23.599896,0.0,0.45352143704308945,-0.47219828610973225,0.0,0.42824012580021686,0.0
23.609959,0.0,0.4530024617667112,-0.4724095317772986,0.0,0.42843340475333624,0.0
23.619886,0.0,0.45248801806582434,-0.4726190270927863,0.0,0.4286246324607962,0.0
23.629917,0.0,0.45196782809764,-0.4728309580422377,0.0,0.4288176321950061,0.0
23.639869,0.0,0.4514504454936427,-0.473041840832774,0.0,0.4290092313513223,0.0
23.649897,0.0,0.45092774544903624,-0.47325498803831667,0.0,0.4292024401576183,0.0
23.659923,0.0,0.45040501380995723,-0.47346824592885595,0.0,0.42939530324682434,0.0
23.66995,0.0,0.4498796727014597,-0.4736826671879807,0.0,0.4295887730067692,0.0
23.679923,0.0,0.44935615788185107,-0.47389644180472174,0.0,0.42978121898126187,0.0
23.69016,0.0,0.4488178436796391,-0.47411636275606606,0.0,0.4299787437115635,0.0
23.699903,0.0,0.4483039496220428,-0.4743264049530586,0.0,0.430166969633196,0.0
23.709914,0.0,0.44777541332819654,-0.47454253169372773,0.0,0.43036021771385347,0.0
23.720054,0.0,0.4472379061621018,-0.4747624308992091,0.0,0.43055639511658933,0.0
23.729864,0.0,0.44671715399873324,-0.4749755758887163,0.0,0.43074612373787285,0.0
23.7399,0.0,0.44618347571187505,-0.4751941143683954,0.0,0.43094022486798694,0.0
23.749919,0.0,0.4456498461921623,-0.47541273719520566,0.0,0.4311339709226435,0.0
23.760003,0.0,0.4451111742398812,-0.4756335319325684,0.0,0.43132920934777064,0.0
23.769988,0.0,0.44457632815675835,-0.4758528642155373,0.0,0.43152272838283523,0.0
23.779965,0.0,0.44404066057609454,-0.4760726392493225,0.0,0.43171621594214316,0.0
23.789962,0.0,0.4435038760888111,-0.47629297909303936,0.0,0.43190978049402395,0.0
23.799918,0.0,0.4429668383370178,-0.47651352993117474,0.0,0.4321031128674142,0.0
23.80998,0.0,0.44242328446863455,-0.4767368661189987,0.0,0.4322984650718351,0.0
23.820115,0.0,0.4418747203003771,-0.47696237274159603,0.0,0.43249528908145457,0.0
23.829941,0.0,0.4413430434641449,-0.4771810446976755,0.0,0.4326857420197942,0.0
23.84007,0.0,0.44079162245661047,-0.4774079492382606,0.0,0.43288294666809973,0.0
23.849936,0.0,0.44025432894737154,-0.47762915049661925,0.0,0.43307478794543336,0.0
23.859904,0.0,0.4397102159524968,-0.47785327030799735,0.0,0.43326875466900144,0.0
23.870009,0.0,0.4391577586543353,-0.4780809417319937,0.0,0.4334653807600874,0.0
23.879934,0.0,0.43861506099569486,-0.4783047038821315,0.0,0.43365822729938,0.0
23.889964,0.0,0.4380636686007051,-0.47853216575226365,0.0,0.4338538562136575,0.0
23.900041,0.0,0.4375115259504496,-0.4787600533445514,0.0,0.4340494442387007,0.0
23.9099,0.0,0.4369654157546114,-0.4789855658678596,0.0,0.43424259628996636,0.0
23.919987,0.0,0.4364091744014081,-0.479215379603936,0.0,0.4344390290747203,0.0
23.929924,0.0,0.4358596886507961,-0.47944251910609326,0.0,0.43463277955123214,0.0
23.939919,0.0,0.43530550354265507,-0.4796717191586293,0.0,0.43482789158706486,0.0
23.949923,0.0,0.434749918194986,-0.4799016176015488,0.0,0.435023201898305,0.0
23.959911,0.0,0.4341943141960046,-0.4801316435389793,0.0,0.43521822677155564,0.0
23.969886,0.0,0.4336383007413279,-0.4803619592503358,0.0,0.43541310611149203,0.0
23.979998,0.0,0.43307408583948487,-0.4805957955506585,0.0,0.43561056731811054,0.0
23.989907,0.0,0.4325194599108004,-0.4808257791779823,0.0,0.4358043882710206,0.0
24.000041,0.0,0.43195124052124123,-0.4810615247490787,0.0,0.43600267034024387,0.0
24.009972,0.0,0.4313936773050582,-0.4812929727878993,0.0,0.4361969522697491,0.0
24.019961,0.0,0.4308317862873081,-0.4815263414989064,0.0,0.4363924629449263,0.0
24.030004,0.0,0.4302661194688847,-0.48176140468659356,0.0,0.43658900718496096,0.0
24.03991,0.0,0.42970719704745586,-0.4819937900518464,0.0,0.4367829347587201,0.0
24.049932,0.0,0.42914038123161696,-0.4822295843676774,0.0,0.4369793265380811,0.0
24.059978,0.0,0.4285716148789333,-0.4824663191211291,0.0,0.4371761191408699,0.0
24.069906,0.0,0.4280081283373777,-0.4827009841117791,0.0,0.43737081610950557,0.0
24.079889,0.0,0.42744108766510297,-0.4829372580479142,0.0,0.4375664738056402,0.0
24.089917,0.0,0.4268705183648107,-0.48317513311628624,0.0,0.43776308121338675,0.0
24.099909,0.0,0.4263005459571249,-0.4834128907584179,0.0,0.43795921747798344,0.0
24.109939,0.0,0.42572811465659033,-0.48365180670798197,0.0,0.4381559356177185,0.0
24.119946,0.0,0.4251554402584462,-0.4838909575028495,0.0,0.4383524750483735,0.0
24.129881,0.0,0.4245862031745112,-0.48412880548080756,0.0,0.438547577554013,0.0
24.139903,0.0,0.4240111992836307,-0.48436919768672937,0.0,0.43874439890717676,0.0
24.149878,0.0,0.42343753526503297,-0.48460916499859197,0.0,0.4389405062160836,0.0
24.159899,0.0,0.4228608997136216,-0.48485051190438794,0.0,0.43913737491459487,0.0
24.169906,0.0,0.42228328587969743,-0.48509240597509246,0.0,0.439334324525486,0.0
24.179879,0.0,0.4217079837804996,-0.48533346936310007,0.0,0.4395302367355842,0.0
24.189866,0.0,0.42113027830621397,-0.48557567826111325,0.0,0.4397267197530145,0.0
24.200009,0.0,0.42054288078661106,-0.48582209334255255,0.0,0.4399262473448383,0.0
24.209929,0.0,0.4199679917727939,-0.4860634008261897,0.0,0.4401212827704591,0.0
24.219914,0.0,0.4193877939094677,-0.48630707730038436,0.0,0.44031787780552667,0.0
24.229887,0.0,0.41880760620504504,-0.4865508912193731,0.0,0.4405142293453154,0.0
24.239887,0.0,0.41822551081288234,-0.4867956496755707,0.0,0.4407109877651035,0.0
24.249942,0.0,0.4176395947031574,-0.48704215963477027,0.0,0.4409087986788393,0.0
24.259976,0.0,0.41705310082703456,-0.487289058809136,0.0,0.4411065670426852,0.0
24.269928,0.0,0.4164706680875889,-0.48753439350633176,0.0,0.44130273316036883,0.0
24.279919,0.0,0.41588507219415227,-0.4877812069087667,0.0,0.44149973317986596,0.0
24.289927,0.0,0.41529792215287725,-0.4880288231125516,0.0,0.44169702543811235,0.0
24.299906,0.0,0.4147114032509225,-0.4882763213575541,0.0,0.44189387750011333,0.0
